0 0 0 0 0
6 7 16 11 18
3 5 23 19 9
13 12 2 22 16
10 10 15 3 7
16 17 22 14 25
26 24 1 17 23
23 22 17 25 14
20 20 21 6 5
11 21 4 9 4
17 19 11 20 22
14 26 24 1 13
21 6 3 4 11
18 4 10 12 2
24 2 26 23 20
7 9 5 26 24
4 16 9 7 15
1 14 25 15 6
18 6 8 20 26
24 4 12 1 17
21 2 19 9 8
4 9 7 12 3
1 16 14 23 21
7 14 18 4 12
17 21 6 7 10
14 19 13 15 1
11 26 20 26 19
19 15 4 10 14
25 13 11 18 5
22 11 24 2 23
5 18 3 5 18
2 25 10 13 9
8 23 26 21 0
15 3 5 24 7
12 1 9 8 25
9 8 25 16 16
2 18 8 19 15
8 25 12 0 6
5 23 19 11 24
12 3 7 14 22
9 1 14 22 13
15 8 18 3 4
25 15 6 6 2
22 13 13 17 20
19 11 20 25 11
10 12 0 2 19
16 10 16 10 10
13 17 23 18 1
23 24 2 21 8
20 22 15 5 26
26 20 22 13 17
6 0 1 16 12
3 7 17 24 3
0 5 21 8 21
