0 0 0 0 0 0 0 0 0 0 0 0
6 6 3 7 11 18 1 10 11 22 17 21
3 3 6 5 19 9 2 20 19 17 22 15
0 1 16 12 0 2 23 23 26 22 16 15
6 7 10 10 11 20 21 3 7 17 21 0
3 4 13 17 19 11 22 13 15 0 2 21
0 2 23 24 0 1 16 16 13 17 23 21
6 8 26 22 11 19 17 26 21 0 1 15
3 5 20 20 19 10 15 6 5 22 15 0
22 12 3 8 22 13 16 10 10 15 0 2
19 9 6 3 3 4 17 20 18 1 17 23
25 15 0 1 14 22 15 0 2 23 22 17
22 13 10 11 22 12 0 3 6 1 16 17
19 10 13 15 3 3 1 13 17 23 21 2
25 16 16 13 14 21 2 23 25 15 2 23
22 14 26 23 22 14 23 26 23 23 23 23
19 11 20 18 3 5 21 6 4 15 1 17
25 17 23 25 14 23 22 16 12 1 15 2
17 24 6 4 17 26 23 20 20 21 0 1
14 21 0 2 25 17 21 0 1 16 17 22
11 18 3 6 6 8 22 10 9 2 22 16
17 25 13 16 17 25 16 13 16 16 16 16
14 22 16 14 25 16 17 23 24 2 21 1
11 19 10 9 6 7 15 3 8 21 2 22
17 26 20 19 17 24 0 6 3 2 23 22
14 23 23 26 25 15 1 16 14 21 1 16
11 20 26 21 6 6 2 26 22 16 15 1
11 22 10 13 11 21 4 9 3 3 3 4
17 19 13 11 19 12 5 19 14 25 11 25
14 25 16 15 0 3 3 2 22 11 25 10
11 23 26 25 11 23 24 5 20 25 10 10
17 20 20 23 19 14 25 12 1 11 24 4
14 26 23 18 0 5 26 22 9 3 5 25
11 21 3 1 11 22 11 25 16 11 26 25
17 18 6 8 19 13 9 8 24 3 4 10
14 24 0 3 0 4 10 15 8 25 9 4
3 7 13 9 3 7 11 19 13 9 3 3
0 4 16 16 14 25 9 2 21 4 11 24
6 1 10 14 22 16 10 9 5 26 25 9
3 8 20 21 3 6 4 12 0 4 10 9
0 5 23 19 14 24 5 22 11 26 24 3
6 2 26 26 22 15 3 5 19 9 5 24
3 6 6 6 3 8 24 8 26 26 26 24
0 3 0 4 14 26 25 15 7 9 4 9
6 0 3 2 22 17 26 25 15 4 9 3
25 10 16 17 25 11 24 2 23 24 3 5
22 16 10 12 6 2 25 9 4 10 11 26
19 13 13 10 17 20 26 19 12 5 25 11
25 11 23 20 25 10 11 22 10 10 10 11
22 17 26 24 6 1 9 5 18 5 24 5
19 14 20 22 17 19 10 12 2 24 5 26
25 9 0 5 25 9 4 15 6 5 26 26
22 15 3 0 6 0 5 25 17 24 4 11
19 12 6 7 17 18 3 8 25 10 9 5
18 8 19 17 18 6 8 20 24 6 6 8
24 5 22 12 2 24 6 0 8 19 14 20
21 2 25 10 10 15 7 10 16 14 19 14
18 6 8 20 18 8 19 13 14 19 13 14
24 3 2 24 2 26 20 23 22 14 18 8
21 0 5 22 10 17 18 3 3 6 8 20
18 7 12 5 18 7 12 6 1 14 20 20
24 4 15 0 2 25 13 16 9 6 7 14
21 1 9 7 10 16 14 26 20 19 12 8
13 11 22 13 13 10 12 0 7 12 6 7
10 17 25 11 21 1 13 10 15 7 14 19
16 14 19 15 5 19 14 20 26 20 19 13
13 9 2 25 13 9 8 23 21 7 13 13
10 15 5 23 21 0 6 3 5 20 18 7
16 12 8 18 5 18 7 13 13 12 8 19
13 10 15 1 13 11 19 16 11 20 20 19
10 16 9 8 21 2 20 26 19 12 7 13
16 13 12 3 5 20 18 6 0 7 12 7
8 23 25 9 8 23 19 10 17 18 6 6
5 20 19 16 16 14 20 20 25 13 14 18
2 26 22 14 24 5 18 0 6 8 19 12
8 21 5 21 8 22 12 3 4 13 13 12
5 18 8 19 16 13 13 13 12 8 18 6
2 24 2 26 24 4 14 23 23 18 8 18
8 22 9 6 8 21 8 26 18 8 20 18
5 19 12 4 16 12 6 6 2 18 7 12
2 25 15 2 24 3 7 16 10 13 12 6
10 17 18 4 10 15 5 19 12 3 3 4
16 14 21 2 18 6 3 2 23 25 11 25
13 11 24 6 2 24 4 9 4 11 25 10
10 15 7 16 10 17 25 12 2 25 10 10
16 12 1 14 18 8 26 22 10 11 24 4
13 9 4 9 2 26 24 5 18 3 5 25
10 16 14 19 10 16 9 8 25 11 26 25
16 13 17 26 18 7 10 15 6 3 4 10
13 10 11 21 2 25 11 25 17 25 9 4
5 20 21 0 5 19 9 2 22 9 3 3
2 26 24 7 13 10 10 9 3 4 11 24
8 23 18 5 21 1 11 19 14 26 25 9
5 18 1 12 5 18 5 22 9 4 10 9
2 24 4 10 13 9 3 5 20 26 24 3
8 21 7 17 21 0 4 12 1 9 5 24
5 19 17 24 5 20 25 15 8 26 26 24
2 25 11 22 13 11 26 25 16 9 4 9
8 22 14 20 21 2 24 8 24 4 9 3
24 5 24 8 24 5 25 9 5 24 3 5
21 2 18 3 8 23 26 19 13 10 11 26
18 8 21 1 16 14 24 2 21 5 25 11
24 3 4 11 24 4 9 5 19 10 10 11
21 0 7 15 8 22 10 12 0 5 24 5
18 6 1 13 16 13 11 22 11 24 5 26
24 4 11 23 24 3 5 25 15 5 26 26
21 1 14 18 8 21 3 8 26 24 4 11
18 7 17 25 16 12 4 15 7 10 9 5
20 18 2 26 20 18 6 1 15 6 6 8
26 24 5 21 1 9 7 11 26 19 14 20
23 21 8 19 9 0 8 18 7 14 19 14
20 19 15 2 20 20 20 21 5 19 13 14
26 25 9 6 1 11 18 4 13 14 18 8
23 22 12 4 9 2 19 14 21 6 8 20
20 20 22 14 20 19 13 17 19 14 20 20
26 26 25 9 1 10 14 24 0 6 7 14
23 23 19 16 9 1 12 7 11 19 12 8
12 3 5 22 12 4 13 11 25 12 6 7
9 0 8 20 23 22 14 18 6 7 14 19
15 6 2 24 4 13 12 1 17 20 19 13
12 4 9 7 12 3 6 4 12 7 13 13
9 1 12 5 23 21 7 14 23 20 18 7
15 7 15 0 4 12 8 21 4 12 8 19
12 5 25 10 12 5 20 24 2 20 20 19
9 2 19 17 23 23 18 7 10 12 7 13
15 8 22 12 4 14 19 17 18 7 12 7
7 15 8 18 7 17 20 18 8 18 6 6
4 12 2 25 15 8 18 1 16 13 14 18
1 9 5 23 26 26 19 11 24 8 19 12
7 16 12 3 7 16 13 14 22 13 13 12
4 13 15 1 15 7 14 21 3 8 18 6
1 10 9 8 26 25 12 4 14 18 8 18
7 17 19 15 7 15 6 7 9 8 20 18
4 14 22 13 15 6 7 17 20 18 7 12
1 11 25 11 26 24 8 24 1 13 12 6
1 13 11 18 1 12 1 11 18 0 0 0
7 10 14 25 9 3 2 18 2 22 17 21
4 16 17 23 20 21 0 1 10 17 22 15
1 14 24 3 1 14 21 4 17 22 16 15
7 11 18 1 9 5 22 14 25 17 21 0
4 17 21 8 20 23 23 21 6 0 2 21
1 12 4 15 1 13 17 24 4 17 23 21
7 9 7 13 9 4 15 7 12 0 1 15
4 15 1 11 20 22 16 17 23 22 15 0
23 25 14 26 23 25 17 18 1 15 0 2
20 22 17 21 4 16 15 1 9 1 17 23
26 19 11 19 12 7 16 11 20 23 22 17
23 26 18 2 23 24 1 14 24 1 16 17
20 23 21 6 4 15 2 21 8 23 21 2
26 20 24 4 12 6 0 4 16 15 2 23
23 24 7 14 23 26 21 7 14 23 23 23
20 21 1 9 4 17 22 17 22 15 1 17
26 18 4 16 12 8 23 24 3 1 15 2
15 1 17 22 15 2 21 1 11 21 0 1
12 7 11 20 26 20 22 11 19 16 17 22
9 4 14 24 7 11 23 18 0 2 22 16
15 2 21 7 15 1 17 21 7 16 16 16
12 8 24 5 26 19 15 4 15 2 21 1
9 5 18 0 7 10 16 14 26 21 2 22
15 0 1 10 15 0 1 17 21 2 23 22
12 6 4 17 26 18 2 24 5 21 1 16
9 3 7 12 7 9 0 7 13 16 15 1
