0 2 0 2 0 2 0 2 0 2 0 2
6 8 3 8 11 19 1 11 11 22 17 22
3 5 6 5 19 9 2 20 19 15 22 15
0 2 16 13 0 2 23 21 26 21 16 16
6 8 10 10 11 19 21 3 7 17 21 0
3 5 13 16 19 9 22 12 15 1 2 23
0 2 23 24 0 2 16 16 13 16 23 21
6 8 26 21 11 19 17 25 21 0 1 17
3 5 20 18 19 9 15 7 5 23 15 1
22 12 3 8 22 12 16 10 10 16 0 2
19 9 6 5 3 5 17 19 18 0 17 22
25 15 0 2 14 22 15 1 2 23 22 15
22 12 10 10 22 12 0 5 6 2 16 16
19 9 13 16 3 5 1 14 17 22 21 0
25 15 16 13 14 22 2 23 25 15 2 23
22 12 26 21 22 12 23 24 23 21 23 21
19 9 20 18 3 5 21 6 4 17 1 17
25 15 23 24 14 22 22 15 12 1 15 1
17 25 6 5 17 25 23 18 20 21 0 2
14 22 0 2 25 15 21 0 1 17 17 22
11 19 3 8 6 8 22 9 9 1 22 15
17 25 13 16 17 25 16 13 16 16 16 16
14 22 16 13 25 15 17 22 24 0 21 0
11 19 10 10 6 8 15 4 8 23 2 23
17 25 20 18 17 25 0 8 3 2 23 21
14 22 23 24 25 15 1 17 14 22 1 17
11 19 26 21 6 8 2 26 22 15 15 1
11 22 10 13 11 22 4 11 3 5 3 5
17 19 13 10 19 12 5 20 14 25 11 25
14 25 16 16 0 5 3 2 22 9 25 9
11 22 26 24 11 22 24 3 20 24 10 10
17 19 20 21 19 12 25 12 1 11 24 3
14 25 23 18 0 5 26 21 9 4 5 26
11 22 3 2 11 22 11 25 16 10 26 24
17 19 6 8 19 12 9 7 24 3 4 11
14 25 0 5 0 5 10 16 8 26 9 4
3 8 13 10 3 8 11 19 13 10 3 5
0 5 16 16 14 25 9 1 21 3 11 25
6 2 10 13 22 15 10 10 5 26 25 9
3 8 20 21 3 8 4 14 0 5 10 10
0 5 23 18 14 25 5 23 11 25 24 3
6 2 26 24 22 15 3 5 19 9 5 26
3 8 6 8 3 8 24 6 26 24 26 24
0 5 0 5 14 25 25 15 7 11 4 11
6 2 3 2 22 15 26 24 15 4 9 4
25 9 16 16 25 9 24 0 23 24 3 5
22 15 10 13 6 2 25 9 4 11 11 25
19 12 13 10 17 19 26 18 12 4 25 9
25 9 23 18 25 9 11 22 10 10 10 10
22 15 26 24 6 2 9 4 18 3 24 3
19 12 20 21 17 19 10 13 2 26 5 26
25 9 0 5 25 9 4 17 6 5 26 24
22 15 3 2 6 2 5 26 17 25 4 11
19 12 6 8 17 19 3 8 25 9 9 4
18 6 19 15 18 6 8 20 24 6 6 8
24 3 22 12 2 26 6 2 8 20 14 19
21 0 25 9 10 16 7 11 16 13 19 12
18 6 8 20 18 6 19 12 14 19 13 13
24 3 2 26 2 26 20 21 22 12 18 6
21 0 5 23 10 16 18 3 3 8 8 20
18 6 12 4 18 6 12 7 1 14 20 18
24 3 15 1 2 26 13 16 9 7 7 14
21 0 9 7 10 16 14 25 20 18 12 7
13 10 22 12 13 10 12 1 7 14 6 8
10 16 25 9 21 0 13 10 15 7 14 19
16 13 19 15 5 20 14 19 26 18 19 12
13 10 2 26 13 10 8 23 21 6 13 13
10 16 5 23 21 0 6 5 5 20 18 6
16 13 8 20 5 20 7 14 13 13 8 20
13 10 15 1 13 10 19 15 11 19 20 18
10 16 9 7 21 0 20 24 19 12 7 14
16 13 12 4 5 20 18 6 0 8 12 7
8 23 25 9 8 23 19 9 17 19 6 8
5 20 19 15 16 13 20 18 25 12 14 19
2 26 22 12 24 3 18 0 6 8 19 12
8 23 5 23 8 23 12 4 4 14 13 13
5 20 8 20 16 13 13 13 12 7 18 6
2 26 2 26 24 3 14 22 23 18 8 20
8 23 9 7 8 23 8 26 18 6 20 18
5 20 12 4 16 13 6 8 2 20 7 14
2 26 15 1 24 3 7 17 10 13 12 7
10 16 18 3 10 16 5 20 12 4 3 5
16 13 21 0 18 6 3 2 23 24 11 25
13 10 24 6 2 26 4 11 4 11 25 9
10 16 7 17 10 16 25 12 2 26 10 10
16 13 1 14 18 6 26 21 10 10 24 3
13 10 4 11 2 26 24 3 18 3 5 26
10 16 14 19 10 16 9 7 25 9 26 24
16 13 17 25 18 6 10 16 6 5 4 11
13 10 11 22 2 26 11 25 17 25 9 4
5 20 21 0 5 20 9 1 22 9 3 5
2 26 24 6 13 10 10 10 3 5 11 25
8 23 18 3 21 0 11 19 14 25 25 9
5 20 1 14 5 20 5 23 9 4 10 10
2 26 4 11 13 10 3 5 20 24 24 3
8 23 7 17 21 0 4 14 1 11 5 26
5 20 17 25 5 20 25 15 8 26 26 24
2 26 11 22 13 10 26 24 16 10 4 11
8 23 14 19 21 0 24 6 24 3 9 4
24 3 24 6 24 3 25 9 5 26 3 5
21 0 18 3 8 23 26 18 13 10 11 25
18 6 21 0 16 13 24 0 21 3 25 9
24 3 4 11 24 3 9 4 19 9 10 10
21 0 7 17 8 23 10 13 0 5 24 3
18 6 1 14 16 13 11 22 11 25 5 26
24 3 11 22 24 3 5 26 15 4 26 24
21 0 14 19 8 23 3 8 26 24 4 11
18 6 17 25 16 13 4 17 7 11 9 4
20 18 2 26 20 18 6 2 15 7 6 8
26 24 5 23 1 11 7 11 26 18 14 19
23 21 8 20 9 1 8 20 7 14 19 12
20 18 15 1 20 18 20 21 5 20 13 13
26 24 9 7 1 11 18 3 13 13 18 6
23 21 12 4 9 1 19 12 21 6 8 20
20 18 22 12 20 18 13 16 19 12 20 18
26 24 25 9 1 11 14 25 0 8 7 14
23 21 19 15 9 1 12 7 11 19 12 7
12 4 5 23 12 4 13 10 25 12 6 8
9 1 8 20 23 21 14 19 6 8 14 19
15 7 2 26 4 14 12 1 17 19 19 12
12 4 9 7 12 4 6 5 12 7 13 13
9 1 12 4 23 21 7 14 23 18 18 6
15 7 15 1 4 14 8 23 4 14 8 20
12 4 25 9 12 4 20 24 2 20 20 18
9 1 19 15 23 21 18 6 10 13 7 14
15 7 22 12 4 14 19 15 18 6 12 7
7 17 8 20 7 17 20 18 8 20 6 8
4 14 2 26 15 7 18 0 16 13 14 19
1 11 5 23 26 24 19 9 24 6 19 12
7 17 12 4 7 17 13 13 22 12 13 13
4 14 15 1 15 7 14 22 3 8 18 6
1 11 9 7 26 24 12 4 14 19 8 20
7 17 19 15 7 17 6 8 9 7 20 18
4 14 22 12 15 7 7 17 20 18 7 14
1 11 25 9 26 24 8 26 1 14 12 7
1 14 11 19 1 14 1 11 18 0 0 2
7 11 14 25 9 4 2 20 2 23 17 22
4 17 17 22 20 21 0 2 10 16 22 15
1 14 24 3 1 14 21 3 17 22 16 16
7 11 18 0 9 4 22 12 25 15 21 0
4 17 21 6 20 21 23 21 6 2 2 23
1 14 4 17 1 14 17 25 4 17 23 21
7 11 7 14 9 4 15 7 12 1 1 17
4 17 1 11 20 21 16 16 23 21 15 1
23 24 14 25 23 24 17 19 1 17 0 2
20 21 17 22 4 17 15 1 9 1 17 22
26 18 11 19 12 7 16 10 20 21 22 15
23 24 18 0 23 24 1 14 24 0 16 16
20 21 21 6 4 17 2 23 8 23 21 0
26 18 24 3 12 7 0 5 16 16 2 23
23 24 7 14 23 24 21 6 14 22 23 21
20 21 1 11 4 17 22 15 22 15 1 17
26 18 4 17 12 7 23 24 3 2 15 1
15 1 17 22 15 1 21 0 11 22 0 2
12 7 11 19 26 18 22 9 19 15 17 22
9 4 14 25 7 11 23 18 0 2 22 15
15 1 21 6 15 1 17 22 7 17 16 16
12 7 24 3 26 18 15 4 15 1 21 0
9 4 18 0 7 11 16 13 26 21 2 23
15 1 1 11 15 1 1 17 21 0 23 21
12 7 4 17 26 18 2 26 5 23 1 17
9 4 7 14 7 11 0 8 13 16 15 1
