0 2 0 2
6 8 16 10
3 5 23 18
13 13 2 23
10 10 15 4
16 16 22 12
26 24 1 17
23 21 17 25
20 18 21 6
11 22 4 11
17 19 11 19
14 25 24 0
21 6 3 5
18 3 10 13
24 0 26 21
7 11 5 26
4 17 9 7
1 14 25 15
18 6 8 20
24 3 12 1
21 0 19 9
4 11 7 14
1 17 14 22
7 14 18 3
17 22 6 8
14 19 13 16
11 25 20 24
19 15 4 11
25 12 11 19
22 9 24 0
5 20 3 5
2 26 10 13
8 23 26 21
15 4 5 26
12 1 9 7
9 7 25 15
2 20 8 20
8 26 12 1
5 23 19 9
12 4 7 14
9 1 14 22
15 7 18 3
25 15 6 8
22 12 13 16
19 9 20 24
10 13 0 2
16 10 16 10
13 16 23 18
23 24 2 23
20 21 15 4
26 18 22 12
6 2 1 17
3 8 17 25
0 5 21 6
