0 0 0 0 0 0 0 0 0 0 0 0 0 0 0 0
0 10 5 10 15 15 5 0 0 10 5 10 15 15 5 4
10 5 10 15 15 5 0 0 10 5 10 15 15 5 0 8
5 10 15 15 5 0 10 0 5 10 15 15 5 0 10 12
10 15 15 5 0 10 5 0 10 15 15 5 0 10 5 0
15 15 5 0 10 5 10 0 15 15 5 0 10 5 10 4
15 5 0 10 5 10 15 0 15 5 0 10 5 10 15 8
5 0 10 5 10 15 15 0 5 0 10 5 10 15 15 12
6 6 6 6 6 6 6 7 13 13 13 13 13 13 13 0
6 12 3 12 9 9 3 7 13 7 8 7 2 2 8 4
12 3 12 9 9 3 6 7 7 8 7 2 2 8 13 8
3 12 9 9 3 6 12 7 8 7 2 2 8 13 7 12
12 9 9 3 6 12 3 7 7 2 2 8 13 7 8 0
9 9 3 6 12 3 12 7 2 2 8 13 7 8 7 4
9 3 6 12 3 12 9 7 2 8 13 7 8 7 2 8
3 6 12 3 12 9 9 7 8 13 7 8 7 2 2 12
11 11 11 11 11 11 11 9 6 6 6 6 6 6 6 0
11 1 14 1 4 4 14 9 6 12 3 12 9 9 3 4
1 14 1 4 4 14 11 9 12 3 12 9 9 3 6 8
14 1 4 4 14 11 1 9 3 12 9 9 3 6 12 12
1 4 4 14 11 1 14 9 12 9 9 3 6 12 3 0
4 4 14 11 1 14 1 9 9 9 3 6 12 3 12 4
4 14 11 1 14 1 4 9 9 3 6 12 3 12 9 8
14 11 1 14 1 4 4 9 3 6 12 3 12 9 9 12
13 13 13 13 13 13 13 14 11 11 11 11 11 11 11 0
13 7 8 7 2 2 8 14 11 1 14 1 4 4 14 4
7 8 7 2 2 8 13 14 1 14 1 4 4 14 11 8
8 7 2 2 8 13 7 14 14 1 4 4 14 11 1 12
7 2 2 8 13 7 8 14 1 4 4 14 11 1 14 0
2 2 8 13 7 8 7 14 4 4 14 11 1 14 1 4
2 8 13 7 8 7 2 14 4 14 11 1 14 1 4 8
8 13 7 8 7 2 2 14 14 11 1 14 1 4 4 12
1 1 1 1 1 1 1 5 5 5 5 5 5 5 5 1
1 11 4 11 14 14 4 5 5 15 0 15 10 10 0 5
11 4 11 14 14 4 1 5 15 0 15 10 10 0 5 9
4 11 14 14 4 1 11 5 0 15 10 10 0 5 15 13
11 14 14 4 1 11 4 5 15 10 10 0 5 15 0 1
14 14 4 1 11 4 11 5 10 10 0 5 15 0 15 5
14 4 1 11 4 11 14 5 10 0 5 15 0 15 10 9
4 1 11 4 11 14 14 5 0 5 15 0 15 10 10 13
7 7 7 7 7 7 7 2 8 8 8 8 8 8 8 1
7 13 2 13 8 8 2 2 8 2 13 2 7 7 13 5
13 2 13 8 8 2 7 2 2 13 2 7 7 13 8 9
2 13 8 8 2 7 13 2 13 2 7 7 13 8 2 13
13 8 8 2 7 13 2 2 2 7 7 13 8 2 13 1
8 8 2 7 13 2 13 2 7 7 13 8 2 13 2 5
8 2 7 13 2 13 8 2 7 13 8 2 13 2 7 9
2 7 13 2 13 8 8 2 13 8 2 13 2 7 7 13
10 10 10 10 10 10 10 12 3 3 3 3 3 3 3 1
10 0 15 0 5 5 15 12 3 9 6 9 12 12 6 5
0 15 0 5 5 15 10 12 9 6 9 12 12 6 3 9
15 0 5 5 15 10 0 12 6 9 12 12 6 3 9 13
0 5 5 15 10 0 15 12 9 12 12 6 3 9 6 1
5 5 15 10 0 15 0 12 12 12 6 3 9 6 9 5
5 15 10 0 15 0 5 12 12 6 3 9 6 9 12 9
15 10 0 15 0 5 5 12 6 3 9 6 9 12 12 13
12 12 12 12 12 12 12 11 14 14 14 14 14 14 14 1
12 6 9 6 3 3 9 11 14 4 11 4 1 1 11 5
6 9 6 3 3 9 12 11 4 11 4 1 1 11 14 9
9 6 3 3 9 12 6 11 11 4 1 1 11 14 4 13
6 3 3 9 12 6 9 11 4 1 1 11 14 4 11 1
3 3 9 12 6 9 6 11 1 1 11 14 4 11 4 5
3 9 12 6 9 6 3 11 1 11 14 4 11 4 1 9
9 12 6 9 6 3 3 11 11 14 4 11 4 1 1 13
2 2 2 2 2 2 2 10 10 10 10 10 10 10 10 2
2 8 7 8 13 13 7 10 10 0 15 0 5 5 15 6
8 7 8 13 13 7 2 10 0 15 0 5 5 15 10 10
7 8 13 13 7 2 8 10 15 0 5 5 15 10 0 14
8 13 13 7 2 8 7 10 0 5 5 15 10 0 15 2
13 13 7 2 8 7 8 10 5 5 15 10 0 15 0 6
13 7 2 8 7 8 13 10 5 15 10 0 15 0 5 10
7 2 8 7 8 13 13 10 15 10 0 15 0 5 5 14
4 4 4 4 4 4 4 13 7 7 7 7 7 7 7 2
4 14 1 14 11 11 1 13 7 13 2 13 8 8 2 6
14 1 14 11 11 1 4 13 13 2 13 8 8 2 7 10
1 14 11 11 1 4 14 13 2 13 8 8 2 7 13 14
14 11 11 1 4 14 1 13 13 8 8 2 7 13 2 2
11 11 1 4 14 1 14 13 8 8 2 7 13 2 13 6
11 1 4 14 1 14 11 13 8 2 7 13 2 13 8 10
1 4 14 1 14 11 11 13 2 7 13 2 13 8 8 14
9 9 9 9 9 9 9 3 12 12 12 12 12 12 12 2
9 3 12 3 6 6 12 3 12 6 9 6 3 3 9 6
3 12 3 6 6 12 9 3 6 9 6 3 3 9 12 10
12 3 6 6 12 9 3 3 9 6 3 3 9 12 6 14
3 6 6 12 9 3 12 3 6 3 3 9 12 6 9 2
6 6 12 9 3 12 3 3 3 3 9 12 6 9 6 6
6 12 9 3 12 3 6 3 3 9 12 6 9 6 3 10
12 9 3 12 3 6 6 3 9 12 6 9 6 3 3 14
15 15 15 15 15 15 15 4 1 1 1 1 1 1 1 2
15 5 10 5 0 0 10 4 1 11 4 11 14 14 4 6
5 10 5 0 0 10 15 4 11 4 11 14 14 4 1 10
10 5 0 0 10 15 5 4 4 11 14 14 4 1 11 14
5 0 0 10 15 5 10 4 11 14 14 4 1 11 4 2
0 0 10 15 5 10 5 4 14 14 4 1 11 4 11 6
0 10 15 5 10 5 0 4 14 4 1 11 4 11 14 10
10 15 5 10 5 0 0 4 4 1 11 4 11 14 14 14
3 3 3 3 3 3 3 15 15 15 15 15 15 15 15 3
3 9 6 9 12 12 6 15 15 5 10 5 0 0 10 7
9 6 9 12 12 6 3 15 5 10 5 0 0 10 15 11
6 9 12 12 6 3 9 15 10 5 0 0 10 15 5 15
9 12 12 6 3 9 6 15 5 0 0 10 15 5 10 3
12 12 6 3 9 6 9 15 0 0 10 15 5 10 5 7
12 6 3 9 6 9 12 15 0 10 15 5 10 5 0 11
6 3 9 6 9 12 12 15 10 15 5 10 5 0 0 15
5 5 5 5 5 5 5 8 2 2 2 2 2 2 2 3
5 15 0 15 10 10 0 8 2 8 7 8 13 13 7 7
15 0 15 10 10 0 5 8 8 7 8 13 13 7 2 11
0 15 10 10 0 5 15 8 7 8 13 13 7 2 8 15
15 10 10 0 5 15 0 8 8 13 13 7 2 8 7 3
10 10 0 5 15 0 15 8 13 13 7 2 8 7 8 7
10 0 5 15 0 15 10 8 13 7 2 8 7 8 13 11
0 5 15 0 15 10 10 8 7 2 8 7 8 13 13 15
8 8 8 8 8 8 8 6 9 9 9 9 9 9 9 3
8 2 13 2 7 7 13 6 9 3 12 3 6 6 12 7
2 13 2 7 7 13 8 6 3 12 3 6 6 12 9 11
13 2 7 7 13 8 2 6 12 3 6 6 12 9 3 15
2 7 7 13 8 2 13 6 3 6 6 12 9 3 12 3
7 7 13 8 2 13 2 6 6 6 12 9 3 12 3 7
7 13 8 2 13 2 7 6 6 12 9 3 12 3 6 11
13 8 2 13 2 7 7 6 12 9 3 12 3 6 6 15
14 14 14 14 14 14 14 1 4 4 4 4 4 4 4 3
14 4 11 4 1 1 11 1 4 14 1 14 11 11 1 7
4 11 4 1 1 11 14 1 14 1 14 11 11 1 4 11
11 4 1 1 11 14 4 1 1 14 11 11 1 4 14 15
4 1 1 11 14 4 11 1 14 11 11 1 4 14 1 3
1 1 11 14 4 11 4 1 11 11 1 4 14 1 14 7
1 11 14 4 11 4 1 1 11 1 4 14 1 14 11 11
11 14 4 11 4 1 1 1 1 4 14 1 14 11 11 15
