0 0 0 0 0 0 0 0
10 15 5 0 10 15 5 4
15 5 10 0 15 5 10 8
5 10 15 0 5 10 15 12
6 6 6 7 13 13 13 0
12 9 3 7 7 2 8 4
9 3 12 7 2 8 7 8
3 12 9 7 8 7 2 12
11 11 11 9 6 6 6 0
1 4 14 9 12 9 3 4
4 14 1 9 9 3 12 8
14 1 4 9 3 12 9 12
13 13 13 14 11 11 11 0
7 2 8 14 1 4 14 4
2 8 7 14 4 14 1 8
8 7 2 14 14 1 4 12
1 1 1 5 5 5 5 1
11 14 4 5 15 10 0 5
14 4 11 5 10 0 15 9
4 11 14 5 0 15 10 13
7 7 7 2 8 8 8 1
13 8 2 2 2 7 13 5
8 2 13 2 7 13 2 9
2 13 8 2 13 2 7 13
10 10 10 12 3 3 3 1
0 5 15 12 9 12 6 5
5 15 0 12 12 6 9 9
15 0 5 12 6 9 12 13
12 12 12 11 14 14 14 1
6 3 9 11 4 1 11 5
3 9 6 11 1 11 4 9
9 6 3 11 11 4 1 13
2 2 2 10 10 10 10 2
8 13 7 10 0 5 15 6
13 7 8 10 5 15 0 10
7 8 13 10 15 0 5 14
4 4 4 13 7 7 7 2
14 11 1 13 13 8 2 6
11 1 14 13 8 2 13 10
1 14 11 13 2 13 8 14
9 9 9 3 12 12 12 2
3 6 12 3 6 3 9 6
6 12 3 3 3 9 6 10
12 3 6 3 9 6 3 14
15 15 15 4 1 1 1 2
5 0 10 4 11 14 4 6
0 10 5 4 14 4 11 10
10 5 0 4 4 11 14 14
3 3 3 15 15 15 15 3
9 12 6 15 5 0 10 7
12 6 9 15 0 10 5 11
6 9 12 15 10 5 0 15
5 5 5 8 2 2 2 3
15 10 0 8 8 13 7 7
10 0 15 8 13 7 8 11
0 15 10 8 7 8 13 15
8 8 8 6 9 9 9 3
2 7 13 6 3 6 12 7
7 13 2 6 6 12 3 11
13 2 7 6 12 3 6 15
14 14 14 1 4 4 4 3
4 1 11 1 14 11 1 7
1 11 4 1 11 1 14 11
11 4 1 1 1 14 11 15
