0 0 0 0 0 0 0 0 0 0
12 18 24 6 0 12 18 24 6 5
18 24 6 12 0 18 24 6 12 10
24 6 12 18 0 24 6 12 18 15
6 12 18 24 0 6 12 18 24 20
7 7 7 7 9 21 21 21 21 0
16 4 10 23 9 3 5 17 14 5
4 10 23 16 9 5 17 14 3 10
10 23 16 4 9 17 14 3 5 15
23 16 4 10 9 14 3 5 17 20
13 13 13 13 11 7 7 7 7 0
9 22 1 15 11 16 4 10 23 5
22 1 15 9 11 4 10 23 16 10
1 15 9 22 11 10 23 16 4 15
15 9 22 1 11 23 16 4 10 20
19 19 19 19 17 13 13 13 13 0
20 11 8 2 17 9 22 1 15 5
11 8 2 20 17 22 1 15 9 10
8 2 20 11 17 1 15 9 22 15
2 20 11 8 17 15 9 22 1 20
21 21 21 21 23 19 19 19 19 0
3 5 17 14 23 20 11 8 2 5
5 17 14 3 23 11 8 2 20 10
17 14 3 5 23 8 2 20 11 15
14 3 5 17 23 2 20 11 8 20
1 1 1 1 6 6 6 6 6 1
13 15 22 9 6 18 0 12 24 6
15 22 9 13 6 0 12 24 18 11
22 9 13 15 6 12 24 18 0 16
9 13 15 22 6 24 18 0 12 21
8 8 8 8 22 14 14 14 14 1
19 2 11 20 22 5 21 3 17 6
2 11 20 19 22 21 3 17 5 11
11 20 19 2 22 3 17 5 21 16
20 19 2 11 22 17 5 21 3 21
10 10 10 10 19 23 23 23 23 1
7 23 4 16 19 4 7 16 10 6
23 4 16 7 19 7 16 10 4 11
4 16 7 23 19 16 10 4 7 16
16 7 23 4 19 10 4 7 16 21
17 17 17 17 3 15 15 15 15 1
21 14 5 3 3 22 13 9 1 6
14 5 3 21 3 13 9 1 22 11
5 3 21 14 3 9 1 22 13 16
3 21 14 5 3 1 22 13 9 21
24 24 24 24 10 2 2 2 2 1
0 6 18 12 10 11 19 20 8 6
6 18 12 0 10 19 20 8 11 11
18 12 0 6 10 20 8 11 19 16
12 0 6 18 10 8 11 19 20 21
2 2 2 2 12 12 12 12 12 2
11 19 20 8 12 6 24 0 18 7
19 20 8 11 12 24 0 18 6 12
20 8 11 19 12 0 18 6 24 17
8 11 19 20 12 18 6 24 0 22
6 6 6 6 15 3 3 3 3 2
18 0 12 24 15 14 17 21 5 7
0 12 24 18 15 17 21 5 14 12
12 24 18 0 15 21 5 14 17 17
24 18 0 12 15 5 14 17 21 22
14 14 14 14 8 16 16 16 16 2
5 21 3 17 8 23 10 7 4 7
21 3 17 5 8 10 7 4 23 12
3 17 5 21 8 7 4 23 10 17
17 5 21 3 8 4 23 10 7 22
15 15 15 15 21 9 9 9 9 2
22 13 9 1 21 15 1 13 22 7
13 9 1 22 21 1 13 22 15 12
9 1 22 13 21 13 22 15 1 17
1 22 13 9 21 22 15 1 13 22
23 23 23 23 4 20 20 20 20 2
4 7 16 10 4 2 8 19 11 7
7 16 10 4 4 8 19 11 2 12
16 10 4 7 4 19 11 2 8 17
10 4 7 16 4 11 2 8 19 22
3 3 3 3 18 18 18 18 18 3
14 17 21 5 18 24 12 6 0 8
17 21 5 14 18 12 6 0 24 13
21 5 14 17 18 6 0 24 12 18
5 14 17 21 18 0 24 12 6 23
9 9 9 9 1 5 5 5 5 3
15 1 13 22 1 17 3 14 21 8
1 13 22 15 1 3 14 21 17 13
13 22 15 1 1 14 21 17 3 18
22 15 1 13 1 21 17 3 14 23
12 12 12 12 20 4 4 4 4 3
6 24 0 18 20 10 16 23 7 8
24 0 18 6 20 16 23 7 10 13
0 18 6 24 20 23 7 10 16 18
18 6 24 0 20 7 10 16 23 23
16 16 16 16 14 22 22 22 22 3
23 10 7 4 14 1 9 15 13 8
10 7 4 23 14 9 15 13 1 13
7 4 23 10 14 15 13 1 9 18
4 23 10 7 14 13 1 9 15 23
20 20 20 20 7 11 11 11 11 3
2 8 19 11 7 8 20 2 19 8
8 19 11 2 7 20 2 19 8 13
19 11 2 8 7 2 19 8 20 18
11 2 8 19 7 19 8 20 2 23
4 4 4 4 24 24 24 24 24 4
10 16 23 7 24 0 6 18 12 9
16 23 7 10 24 6 18 12 0 14
23 7 10 16 24 18 12 0 6 19
7 10 16 23 24 12 0 6 18 24
5 5 5 5 13 17 17 17 17 4
17 3 14 21 13 21 14 5 3 9
3 14 21 17 13 14 5 3 21 14
14 21 17 3 13 5 3 21 14 19
21 17 3 14 13 3 21 14 5 24
11 11 11 11 2 10 10 10 10 4
8 20 2 19 2 7 23 4 16 9
20 2 19 8 2 23 4 16 7 14
2 19 8 20 2 4 16 7 23 19
19 8 20 2 2 16 7 23 4 24
18 18 18 18 5 1 1 1 1 4
24 12 6 0 5 13 15 22 9 9
12 6 0 24 5 15 22 9 13 14
6 0 24 12 5 22 9 13 15 19
0 24 12 6 5 9 13 15 22 24
22 22 22 22 16 8 8 8 8 4
1 9 15 13 16 19 2 11 20 9
9 15 13 1 16 2 11 20 19 14
15 13 1 9 16 11 20 19 2 19
13 1 9 15 16 20 19 2 11 24
