0 0 0 0 0 0 0 0 0 0 0 0 0 0 0 0 0 0 0 0
12 18 24 6 6 18 0 12 24 0 12 18 24 6 6 18 0 12 24 5
18 24 6 12 18 12 6 0 24 0 18 24 6 12 18 12 6 0 24 10
24 6 12 18 6 12 24 18 0 0 24 6 12 18 6 12 24 18 0 15
6 12 18 24 18 0 24 12 6 0 6 12 18 24 18 0 24 12 6 20
18 6 18 6 0 24 12 24 12 0 18 6 18 6 0 24 12 24 12 0
24 0 6 24 12 18 12 6 18 0 24 0 6 24 12 18 12 6 18 5
12 12 0 18 24 6 6 24 18 0 12 12 0 18 24 6 6 24 18 10
6 24 24 0 12 6 18 18 12 0 6 24 24 0 12 6 18 18 12 15
0 18 12 12 24 24 18 6 6 0 0 18 12 12 24 24 18 6 6 20
7 7 7 7 7 7 7 7 7 9 21 21 21 21 21 21 21 21 21 0
16 4 10 23 23 4 7 16 10 9 3 5 17 14 14 5 21 3 17 5
4 10 23 16 4 16 23 7 10 9 5 17 14 3 5 3 14 21 17 10
10 23 16 4 23 16 10 4 7 9 17 14 3 5 14 3 17 5 21 15
23 16 4 10 4 7 10 16 23 9 14 3 5 17 5 21 17 3 14 20
4 23 4 23 7 10 16 10 16 9 5 14 5 14 21 17 3 17 3 0
10 7 23 10 16 4 16 23 4 9 17 21 14 17 3 5 3 14 5 5
16 16 7 4 10 23 23 10 4 9 3 3 21 5 17 14 14 17 5 10
23 10 10 7 16 23 4 4 16 9 14 17 17 21 3 14 5 5 3 15
7 4 16 16 10 10 4 23 23 9 21 5 3 3 17 17 5 14 14 20
13 13 13 13 13 13 13 13 13 11 7 7 7 7 7 7 7 7 7 0
9 22 1 15 15 22 13 9 1 11 16 4 10 23 23 4 7 16 10 5
22 1 15 9 22 9 15 13 1 11 4 10 23 16 4 16 23 7 10 10
1 15 9 22 15 9 1 22 13 11 10 23 16 4 23 16 10 4 7 15
15 9 22 1 22 13 1 9 15 11 23 16 4 10 4 7 10 16 23 20
22 15 22 15 13 1 9 1 9 11 4 23 4 23 7 10 16 10 16 0
1 13 15 1 9 22 9 15 22 11 10 7 23 10 16 4 16 23 4 5
9 9 13 22 1 15 15 1 22 11 16 16 7 4 10 23 23 10 4 10
15 1 1 13 9 15 22 22 9 11 23 10 10 7 16 23 4 4 16 15
13 22 9 9 1 1 22 15 15 11 7 4 16 16 10 10 4 23 23 20
19 19 19 19 19 19 19 19 19 17 13 13 13 13 13 13 13 13 13 0
20 11 8 2 2 11 19 20 8 17 9 22 1 15 15 22 13 9 1 5
11 8 2 20 11 20 2 19 8 17 22 1 15 9 22 9 15 13 1 10
8 2 20 11 2 20 8 11 19 17 1 15 9 22 15 9 1 22 13 15
2 20 11 8 11 19 8 20 2 17 15 9 22 1 22 13 1 9 15 20
11 2 11 2 19 8 20 8 20 17 22 15 22 15 13 1 9 1 9 0
8 19 2 8 20 11 20 2 11 17 1 13 15 1 9 22 9 15 22 5
20 20 19 11 8 2 2 8 11 17 9 9 13 22 1 15 15 1 22 10
2 8 8 19 20 2 11 11 20 17 15 1 1 13 9 15 22 22 9 15
19 11 20 20 8 8 11 2 2 17 13 22 9 9 1 1 22 15 15 20
21 21 21 21 21 21 21 21 21 23 19 19 19 19 19 19 19 19 19 0
3 5 17 14 14 5 21 3 17 23 20 11 8 2 2 11 19 20 8 5
5 17 14 3 5 3 14 21 17 23 11 8 2 20 11 20 2 19 8 10
17 14 3 5 14 3 17 5 21 23 8 2 20 11 2 20 8 11 19 15
14 3 5 17 5 21 17 3 14 23 2 20 11 8 11 19 8 20 2 20
5 14 5 14 21 17 3 17 3 23 11 2 11 2 19 8 20 8 20 0
17 21 14 17 3 5 3 14 5 23 8 19 2 8 20 11 20 2 11 5
3 3 21 5 17 14 14 17 5 23 20 20 19 11 8 2 2 8 11 10
14 17 17 21 3 14 5 5 3 23 2 8 8 19 20 2 11 11 20 15
21 5 3 3 17 17 5 14 14 23 19 11 20 20 8 8 11 2 2 20
1 1 1 1 1 1 1 1 1 6 6 6 6 6 6 6 6 6 6 1
13 15 22 9 9 15 1 13 22 6 18 0 12 24 24 0 6 18 12 6
15 22 9 13 15 13 9 1 22 6 0 12 24 18 0 18 24 6 12 11
22 9 13 15 9 13 22 15 1 6 12 24 18 0 24 18 12 0 6 16
9 13 15 22 15 1 22 13 9 6 24 18 0 12 0 6 12 18 24 21
15 9 15 9 1 22 13 22 13 6 0 24 0 24 6 12 18 12 18 1
22 1 9 22 13 15 13 9 15 6 12 6 24 12 18 0 18 24 0 6
13 13 1 15 22 9 9 22 15 6 18 18 6 0 12 24 24 12 0 11
9 22 22 1 13 9 15 15 13 6 24 12 12 6 18 24 0 0 18 16
1 15 13 13 22 22 15 9 9 6 6 0 18 18 12 12 0 24 24 21
8 8 8 8 8 8 8 8 8 22 14 14 14 14 14 14 14 14 14 1
19 2 11 20 20 2 8 19 11 22 5 21 3 17 17 21 14 5 3 6
2 11 20 19 2 19 20 8 11 22 21 3 17 5 21 5 17 14 3 11
11 20 19 2 20 19 11 2 8 22 3 17 5 21 17 5 3 21 14 16
20 19 2 11 2 8 11 19 20 22 17 5 21 3 21 14 3 5 17 21
2 20 2 20 8 11 19 11 19 22 21 17 21 17 14 3 5 3 5 1
11 8 20 11 19 2 19 20 2 22 3 14 17 3 5 21 5 17 21 6
19 19 8 2 11 20 20 11 2 22 5 5 14 21 3 17 17 3 21 11
20 11 11 8 19 20 2 2 19 22 17 3 3 14 5 17 21 21 5 16
8 2 19 19 11 11 2 20 20 22 14 21 5 5 3 3 21 17 17 21
10 10 10 10 10 10 10 10 10 19 23 23 23 23 23 23 23 23 23 1
7 23 4 16 16 23 10 7 4 19 4 7 16 10 10 7 23 4 16 6
23 4 16 7 23 7 16 10 4 19 7 16 10 4 7 4 10 23 16 11
4 16 7 23 16 7 4 23 10 19 16 10 4 7 10 4 16 7 23 16
16 7 23 4 23 10 4 7 16 19 10 4 7 16 7 23 16 4 10 21
23 16 23 16 10 4 7 4 7 19 7 10 7 10 23 16 4 16 4 1
4 10 16 4 7 23 7 16 23 19 16 23 10 16 4 7 4 10 7 6
7 7 10 23 4 16 16 4 23 19 4 4 23 7 16 10 10 16 7 11
16 4 4 10 7 16 23 23 7 19 10 16 16 23 4 10 7 7 4 16
10 23 7 7 4 4 23 16 16 19 23 7 4 4 16 16 7 10 10 21
17 17 17 17 17 17 17 17 17 3 15 15 15 15 15 15 15 15 15 1
21 14 5 3 3 14 17 21 5 3 22 13 9 1 1 13 15 22 9 6
14 5 3 21 14 21 3 17 5 3 13 9 1 22 13 22 1 15 9 11
5 3 21 14 3 21 5 14 17 3 9 1 22 13 1 22 9 13 15 16
3 21 14 5 14 17 5 21 3 3 1 22 13 9 13 15 9 22 1 21
14 3 14 3 17 5 21 5 21 3 13 1 13 1 15 9 22 9 22 1
5 17 3 5 21 14 21 3 14 3 9 15 1 9 22 13 22 1 13 6
21 21 17 14 5 3 3 5 14 3 22 22 15 13 9 1 1 9 13 11
3 5 5 17 21 3 14 14 21 3 1 9 9 15 22 1 13 13 22 16
17 14 21 21 5 5 14 3 3 3 15 13 22 22 9 9 13 1 1 21
24 24 24 24 24 24 24 24 24 10 2 2 2 2 2 2 2 2 2 1
0 6 18 12 12 6 24 0 18 10 11 19 20 8 8 19 2 11 20 6
6 18 12 0 6 0 12 24 18 10 19 20 8 11 19 11 8 2 20 11
18 12 0 6 12 0 18 6 24 10 20 8 11 19 8 11 20 19 2 16
12 0 6 18 6 24 18 0 12 10 8 11 19 20 19 2 20 11 8 21
6 12 6 12 24 18 0 18 0 10 19 8 19 8 2 20 11 20 11 1
18 24 12 18 0 6 0 12 6 10 20 2 8 20 11 19 11 8 19 6
0 0 24 6 18 12 12 18 6 10 11 11 2 19 20 8 8 20 19 11
12 18 18 24 0 12 6 6 0 10 8 20 20 2 11 8 19 19 11 16
24 6 0 0 18 18 6 12 12 10 2 19 11 11 20 20 19 8 8 21
2 2 2 2 2 2 2 2 2 12 12 12 12 12 12 12 12 12 12 2
11 19 20 8 8 19 2 11 20 12 6 24 0 18 18 24 12 6 0 7
19 20 8 11 19 11 8 2 20 12 24 0 18 6 24 6 18 12 0 12
20 8 11 19 8 11 20 19 2 12 0 18 6 24 18 6 0 24 12 17
8 11 19 20 19 2 20 11 8 12 18 6 24 0 24 12 0 6 18 22
19 8 19 8 2 20 11 20 11 12 24 18 24 18 12 0 6 0 6 2
20 2 8 20 11 19 11 8 19 12 0 12 18 0 6 24 6 18 24 7
11 11 2 19 20 8 8 20 19 12 6 6 12 24 0 18 18 0 24 12
8 20 20 2 11 8 19 19 11 12 18 0 0 12 6 18 24 24 6 17
2 19 11 11 20 20 19 8 8 12 12 24 6 6 0 0 24 18 18 22
6 6 6 6 6 6 6 6 6 15 3 3 3 3 3 3 3 3 3 2
18 0 12 24 24 0 6 18 12 15 14 17 21 5 5 17 3 14 21 7
0 12 24 18 0 18 24 6 12 15 17 21 5 14 17 14 5 3 21 12
12 24 18 0 24 18 12 0 6 15 21 5 14 17 5 14 21 17 3 17
24 18 0 12 0 6 12 18 24 15 5 14 17 21 17 3 21 14 5 22
0 24 0 24 6 12 18 12 18 15 17 5 17 5 3 21 14 21 14 2
12 6 24 12 18 0 18 24 0 15 21 3 5 21 14 17 14 5 17 7
18 18 6 0 12 24 24 12 0 15 14 14 3 17 21 5 5 21 17 12
24 12 12 6 18 24 0 0 18 15 5 21 21 3 14 5 17 17 14 17
6 0 18 18 12 12 0 24 24 15 3 17 14 14 21 21 17 5 5 22
14 14 14 14 14 14 14 14 14 8 16 16 16 16 16 16 16 16 16 2
5 21 3 17 17 21 14 5 3 8 23 10 7 4 4 10 16 23 7 7
21 3 17 5 21 5 17 14 3 8 10 7 4 23 10 23 4 16 7 12
3 17 5 21 17 5 3 21 14 8 7 4 23 10 4 23 7 10 16 17
17 5 21 3 21 14 3 5 17 8 4 23 10 7 10 16 7 23 4 22
21 17 21 17 14 3 5 3 5 8 10 4 10 4 16 7 23 7 23 2
3 14 17 3 5 21 5 17 21 8 7 16 4 7 23 10 23 4 10 7
5 5 14 21 3 17 17 3 21 8 23 23 16 10 7 4 4 7 10 12
17 3 3 14 5 17 21 21 5 8 4 7 7 16 23 4 10 10 23 17
14 21 5 5 3 3 21 17 17 8 16 10 23 23 7 7 10 4 4 22
15 15 15 15 15 15 15 15 15 21 9 9 9 9 9 9 9 9 9 2
22 13 9 1 1 13 15 22 9 21 15 1 13 22 22 1 9 15 13 7
13 9 1 22 13 22 1 15 9 21 1 13 22 15 1 15 22 9 13 12
9 1 22 13 1 22 9 13 15 21 13 22 15 1 22 15 13 1 9 17
1 22 13 9 13 15 9 22 1 21 22 15 1 13 1 9 13 15 22 22
13 1 13 1 15 9 22 9 22 21 1 22 1 22 9 13 15 13 15 2
9 15 1 9 22 13 22 1 13 21 13 9 22 13 15 1 15 22 1 7
22 22 15 13 9 1 1 9 13 21 15 15 9 1 13 22 22 13 1 12
1 9 9 15 22 1 13 13 22 21 22 13 13 9 15 22 1 1 15 17
15 13 22 22 9 9 13 1 1 21 9 1 15 15 13 13 1 22 22 22
23 23 23 23 23 23 23 23 23 4 20 20 20 20 20 20 20 20 20 2
4 7 16 10 10 7 23 4 16 4 2 8 19 11 11 8 20 2 19 7
7 16 10 4 7 4 10 23 16 4 8 19 11 2 8 2 11 20 19 12
16 10 4 7 10 4 16 7 23 4 19 11 2 8 11 2 19 8 20 17
10 4 7 16 7 23 16 4 10 4 11 2 8 19 8 20 19 2 11 22
7 10 7 10 23 16 4 16 4 4 8 11 8 11 20 19 2 19 2 2
16 23 10 16 4 7 4 10 7 4 19 20 11 19 2 8 2 11 8 7
4 4 23 7 16 10 10 16 7 4 2 2 20 8 19 11 11 19 8 12
10 16 16 23 4 10 7 7 4 4 11 19 19 20 2 11 8 8 2 17
23 7 4 4 16 16 7 10 10 4 20 8 2 2 19 19 8 11 11 22
3 3 3 3 3 3 3 3 3 18 18 18 18 18 18 18 18 18 18 3
14 17 21 5 5 17 3 14 21 18 24 12 6 0 0 12 18 24 6 8
17 21 5 14 17 14 5 3 21 18 12 6 0 24 12 24 0 18 6 13
21 5 14 17 5 14 21 17 3 18 6 0 24 12 0 24 6 12 18 18
5 14 17 21 17 3 21 14 5 18 0 24 12 6 12 18 6 24 0 23
17 5 17 5 3 21 14 21 14 18 12 0 12 0 18 6 24 6 24 3
21 3 5 21 14 17 14 5 17 18 6 18 0 6 24 12 24 0 12 8
14 14 3 17 21 5 5 21 17 18 24 24 18 12 6 0 0 6 12 13
5 21 21 3 14 5 17 17 14 18 0 6 6 18 24 0 12 12 24 18
3 17 14 14 21 21 17 5 5 18 18 12 24 24 6 6 12 0 0 23
9 9 9 9 9 9 9 9 9 1 5 5 5 5 5 5 5 5 5 3
15 1 13 22 22 1 9 15 13 1 17 3 14 21 21 3 5 17 14 8
1 13 22 15 1 15 22 9 13 1 3 14 21 17 3 17 21 5 14 13
13 22 15 1 22 15 13 1 9 1 14 21 17 3 21 17 14 3 5 18
22 15 1 13 1 9 13 15 22 1 21 17 3 14 3 5 14 17 21 23
1 22 1 22 9 13 15 13 15 1 3 21 3 21 5 14 17 14 17 3
13 9 22 13 15 1 15 22 1 1 14 5 21 14 17 3 17 21 3 8
15 15 9 1 13 22 22 13 1 1 17 17 5 3 14 21 21 14 3 13
22 13 13 9 15 22 1 1 15 1 21 14 14 5 17 21 3 3 17 18
9 1 15 15 13 13 1 22 22 1 5 3 17 17 14 14 3 21 21 23
12 12 12 12 12 12 12 12 12 20 4 4 4 4 4 4 4 4 4 3
6 24 0 18 18 24 12 6 0 20 10 16 23 7 7 16 4 10 23 8
24 0 18 6 24 6 18 12 0 20 16 23 7 10 16 10 7 4 23 13
0 18 6 24 18 6 0 24 12 20 23 7 10 16 7 10 23 16 4 18
18 6 24 0 24 12 0 6 18 20 7 10 16 23 16 4 23 10 7 23
24 18 24 18 12 0 6 0 6 20 16 7 16 7 4 23 10 23 10 3
0 12 18 0 6 24 6 18 24 20 23 4 7 23 10 16 10 7 16 8
6 6 12 24 0 18 18 0 24 20 10 10 4 16 23 7 7 23 16 13
18 0 0 12 6 18 24 24 6 20 7 23 23 4 10 7 16 16 10 18
12 24 6 6 0 0 24 18 18 20 4 16 10 10 23 23 16 7 7 23
16 16 16 16 16 16 16 16 16 14 22 22 22 22 22 22 22 22 22 3
23 10 7 4 4 10 16 23 7 14 1 9 15 13 13 9 22 1 15 8
10 7 4 23 10 23 4 16 7 14 9 15 13 1 9 1 13 22 15 13
7 4 23 10 4 23 7 10 16 14 15 13 1 9 13 1 15 9 22 18
4 23 10 7 10 16 7 23 4 14 13 1 9 15 9 22 15 1 13 23
10 4 10 4 16 7 23 7 23 14 9 13 9 13 22 15 1 15 1 3
7 16 4 7 23 10 23 4 10 14 15 22 13 15 1 9 1 13 9 8
23 23 16 10 7 4 4 7 10 14 1 1 22 9 15 13 13 15 9 13
4 7 7 16 23 4 10 10 23 14 13 15 15 22 1 13 9 9 1 18
16 10 23 23 7 7 10 4 4 14 22 9 1 1 15 15 9 13 13 23
20 20 20 20 20 20 20 20 20 7 11 11 11 11 11 11 11 11 11 3
2 8 19 11 11 8 20 2 19 7 8 20 2 19 19 20 11 8 2 8
8 19 11 2 8 2 11 20 19 7 20 2 19 8 20 8 19 11 2 13
19 11 2 8 11 2 19 8 20 7 2 19 8 20 19 8 2 20 11 18
11 2 8 19 8 20 19 2 11 7 19 8 20 2 20 11 2 8 19 23
8 11 8 11 20 19 2 19 2 7 20 19 20 19 11 2 8 2 8 3
19 20 11 19 2 8 2 11 8 7 2 11 19 2 8 20 8 19 20 8
2 2 20 8 19 11 11 19 8 7 8 8 11 20 2 19 19 2 20 13
11 19 19 20 2 11 8 8 2 7 19 2 2 11 8 19 20 20 8 18
20 8 2 2 19 19 8 11 11 7 11 20 8 8 2 2 20 19 19 23
4 4 4 4 4 4 4 4 4 24 24 24 24 24 24 24 24 24 24 4
10 16 23 7 7 16 4 10 23 24 0 6 18 12 12 6 24 0 18 9
16 23 7 10 16 10 7 4 23 24 6 18 12 0 6 0 12 24 18 14
23 7 10 16 7 10 23 16 4 24 18 12 0 6 12 0 18 6 24 19
7 10 16 23 16 4 23 10 7 24 12 0 6 18 6 24 18 0 12 24
16 7 16 7 4 23 10 23 10 24 6 12 6 12 24 18 0 18 0 4
23 4 7 23 10 16 10 7 16 24 18 24 12 18 0 6 0 12 6 9
10 10 4 16 23 7 7 23 16 24 0 0 24 6 18 12 12 18 6 14
7 23 23 4 10 7 16 16 10 24 12 18 18 24 0 12 6 6 0 19
4 16 10 10 23 23 16 7 7 24 24 6 0 0 18 18 6 12 12 24
5 5 5 5 5 5 5 5 5 13 17 17 17 17 17 17 17 17 17 4
17 3 14 21 21 3 5 17 14 13 21 14 5 3 3 14 17 21 5 9
3 14 21 17 3 17 21 5 14 13 14 5 3 21 14 21 3 17 5 14
14 21 17 3 21 17 14 3 5 13 5 3 21 14 3 21 5 14 17 19
21 17 3 14 3 5 14 17 21 13 3 21 14 5 14 17 5 21 3 24
3 21 3 21 5 14 17 14 17 13 14 3 14 3 17 5 21 5 21 4
14 5 21 14 17 3 17 21 3 13 5 17 3 5 21 14 21 3 14 9
17 17 5 3 14 21 21 14 3 13 21 21 17 14 5 3 3 5 14 14
21 14 14 5 17 21 3 3 17 13 3 5 5 17 21 3 14 14 21 19
5 3 17 17 14 14 3 21 21 13 17 14 21 21 5 5 14 3 3 24
11 11 11 11 11 11 11 11 11 2 10 10 10 10 10 10 10 10 10 4
8 20 2 19 19 20 11 8 2 2 7 23 4 16 16 23 10 7 4 9
20 2 19 8 20 8 19 11 2 2 23 4 16 7 23 7 16 10 4 14
2 19 8 20 19 8 2 20 11 2 4 16 7 23 16 7 4 23 10 19
19 8 20 2 20 11 2 8 19 2 16 7 23 4 23 10 4 7 16 24
20 19 20 19 11 2 8 2 8 2 23 16 23 16 10 4 7 4 7 4
2 11 19 2 8 20 8 19 20 2 4 10 16 4 7 23 7 16 23 9
8 8 11 20 2 19 19 2 20 2 7 7 10 23 4 16 16 4 23 14
19 2 2 11 8 19 20 20 8 2 16 4 4 10 7 16 23 23 7 19
11 20 8 8 2 2 20 19 19 2 10 23 7 7 4 4 23 16 16 24
18 18 18 18 18 18 18 18 18 5 1 1 1 1 1 1 1 1 1 4
24 12 6 0 0 12 18 24 6 5 13 15 22 9 9 15 1 13 22 9
12 6 0 24 12 24 0 18 6 5 15 22 9 13 15 13 9 1 22 14
6 0 24 12 0 24 6 12 18 5 22 9 13 15 9 13 22 15 1 19
0 24 12 6 12 18 6 24 0 5 9 13 15 22 15 1 22 13 9 24
12 0 12 0 18 6 24 6 24 5 15 9 15 9 1 22 13 22 13 4
6 18 0 6 24 12 24 0 12 5 22 1 9 22 13 15 13 9 15 9
24 24 18 12 6 0 0 6 12 5 13 13 1 15 22 9 9 22 15 14
0 6 6 18 24 0 12 12 24 5 9 22 22 1 13 9 15 15 13 19
18 12 24 24 6 6 12 0 0 5 1 15 13 13 22 22 15 9 9 24
22 22 22 22 22 22 22 22 22 16 8 8 8 8 8 8 8 8 8 4
1 9 15 13 13 9 22 1 15 16 19 2 11 20 20 2 8 19 11 9
9 15 13 1 9 1 13 22 15 16 2 11 20 19 2 19 20 8 11 14
15 13 1 9 13 1 15 9 22 16 11 20 19 2 20 19 11 2 8 19
13 1 9 15 9 22 15 1 13 16 20 19 2 11 2 8 11 19 20 24
9 13 9 13 22 15 1 15 1 16 2 20 2 20 8 11 19 11 19 4
15 22 13 15 1 9 1 13 9 16 11 8 20 11 19 2 19 20 2 9
1 1 22 9 15 13 13 15 9 16 19 19 8 2 11 20 20 11 2 14
13 15 15 22 1 13 9 9 1 16 20 11 11 8 19 20 2 2 19 19
22 9 1 1 15 15 9 13 13 16 8 2 19 19 11 11 2 20 20 24
