0 0 0 0 0 0 0 0 0 0 0 0 0 0 0 0 0 0 0 0 0 0 0 0 0 0 0 0 0 0 0 0 0 0 0 0 0 0 0 0 0 0 0 0 0 0 0 0 0 0 0 0 0 0 0
12 18 24 6 0 12 18 24 6 0 12 18 24 6 0 12 18 24 6 0 12 18 24 6 0 12 18 24 6 0 12 18 24 6 0 12 18 24 6 0 12 18 24 6 0 12 18 24 6 5 2 13 19 21 5
18 24 6 12 0 18 24 6 12 0 18 24 6 12 0 18 24 6 12 0 18 24 6 12 0 18 24 6 12 0 18 24 6 12 0 18 24 6 12 0 18 24 6 12 0 18 24 6 12 10 3 19 21 7 10
24 6 12 18 0 24 6 12 18 0 24 6 12 18 0 24 6 12 18 0 24 6 12 18 0 24 6 12 18 0 24 6 12 18 0 24 6 12 18 0 24 6 12 18 0 24 6 12 18 15 4 21 7 13 15
6 12 18 24 0 6 12 18 24 0 6 12 18 24 0 6 12 18 24 0 6 12 18 24 0 6 12 18 24 0 6 12 18 24 0 6 12 18 24 0 6 12 18 24 0 6 12 18 24 20 1 7 13 19 20
0 0 0 0 0 0 0 0 0 6 6 6 6 6 6 6 6 6 6 12 12 12 12 12 12 12 12 12 12 18 18 18 18 18 18 18 18 18 18 24 24 24 24 24 24 24 24 24 24 0 5 5 5 5 5
12 18 24 6 0 12 18 24 6 6 18 0 12 24 6 18 0 12 24 12 6 24 0 18 12 6 24 0 18 18 24 12 6 0 18 24 12 6 0 24 0 6 18 12 24 0 6 18 12 5 7 18 4 11 20
18 24 6 12 0 18 24 6 12 6 0 12 24 18 6 0 12 24 18 12 24 0 18 6 12 24 0 18 6 18 12 6 0 24 18 12 6 0 24 24 6 18 12 0 24 6 18 12 0 10 8 4 11 22 15
24 6 12 18 0 24 6 12 18 6 12 24 18 0 6 12 24 18 0 12 0 18 6 24 12 0 18 6 24 18 6 0 24 12 18 6 0 24 12 24 18 12 0 6 24 18 12 0 6 15 9 11 22 18 0
6 12 18 24 0 6 12 18 24 6 24 18 0 12 6 24 18 0 12 12 18 6 24 0 12 18 6 24 0 18 0 24 12 6 18 0 24 12 6 24 12 0 6 18 24 12 0 6 18 20 6 22 18 4 10
0 0 0 0 0 0 0 0 0 12 12 12 12 12 12 12 12 12 12 18 18 18 18 18 18 18 18 18 18 24 24 24 24 24 24 24 24 24 24 6 6 6 6 6 6 6 6 6 6 0 10 10 10 10 10
12 18 24 6 0 12 18 24 6 12 6 24 0 18 12 6 24 0 18 18 24 12 6 0 18 24 12 6 0 24 0 6 18 12 24 0 6 18 12 6 18 0 12 24 6 18 0 12 24 5 12 8 24 1 15
18 24 6 12 0 18 24 6 12 12 24 0 18 6 12 24 0 18 6 18 12 6 0 24 18 12 6 0 24 24 6 18 12 0 24 6 18 12 0 6 0 12 24 18 6 0 12 24 18 10 13 24 1 17 5
24 6 12 18 0 24 6 12 18 12 0 18 6 24 12 0 18 6 24 18 6 0 24 12 18 6 0 24 12 24 18 12 0 6 24 18 12 0 6 6 12 24 18 0 6 12 24 18 0 15 14 1 17 8 20
6 12 18 24 0 6 12 18 24 12 18 6 24 0 12 18 6 24 0 18 0 24 12 6 18 0 24 12 6 24 12 0 6 18 24 12 0 6 18 6 24 18 0 12 6 24 18 0 12 20 11 17 8 24 0
0 0 0 0 0 0 0 0 0 18 18 18 18 18 18 18 18 18 18 24 24 24 24 24 24 24 24 24 24 6 6 6 6 6 6 6 6 6 6 12 12 12 12 12 12 12 12 12 12 0 15 15 15 15 15
12 18 24 6 0 12 18 24 6 18 24 12 6 0 18 24 12 6 0 24 0 6 18 12 24 0 6 18 12 6 18 0 12 24 6 18 0 12 24 12 6 24 0 18 12 6 24 0 18 5 17 23 14 6 0
18 24 6 12 0 18 24 6 12 18 12 6 0 24 18 12 6 0 24 24 6 18 12 0 24 6 18 12 0 6 0 12 24 18 6 0 12 24 18 12 24 0 18 6 12 24 0 18 6 10 18 14 6 2 20
24 6 12 18 0 24 6 12 18 18 6 0 24 12 18 6 0 24 12 24 18 12 0 6 24 18 12 0 6 6 12 24 18 0 6 12 24 18 0 12 0 18 6 24 12 0 18 6 24 15 19 6 2 23 10
6 12 18 24 0 6 12 18 24 18 0 24 12 6 18 0 24 12 6 24 12 0 6 18 24 12 0 6 18 6 24 18 0 12 6 24 18 0 12 12 18 6 24 0 12 18 6 24 0 20 16 2 23 14 5
0 0 0 0 0 0 0 0 0 24 24 24 24 24 24 24 24 24 24 6 6 6 6 6 6 6 6 6 6 12 12 12 12 12 12 12 12 12 12 18 18 18 18 18 18 18 18 18 18 0 20 20 20 20 20
12 18 24 6 0 12 18 24 6 24 0 6 18 12 24 0 6 18 12 6 18 0 12 24 6 18 0 12 24 12 6 24 0 18 12 6 24 0 18 18 24 12 6 0 18 24 12 6 0 5 22 3 9 16 10
18 24 6 12 0 18 24 6 12 24 6 18 12 0 24 6 18 12 0 6 0 12 24 18 6 0 12 24 18 12 24 0 18 6 12 24 0 18 6 18 12 6 0 24 18 12 6 0 24 10 23 9 16 12 0
24 6 12 18 0 24 6 12 18 24 18 12 0 6 24 18 12 0 6 6 12 24 18 0 6 12 24 18 0 12 0 18 6 24 12 0 18 6 24 18 6 0 24 12 18 6 0 24 12 15 24 16 12 3 5
6 12 18 24 0 6 12 18 24 24 12 0 6 18 24 12 0 6 18 6 24 18 0 12 6 24 18 0 12 12 18 6 24 0 12 18 6 24 0 18 0 24 12 6 18 0 24 12 6 20 21 12 3 9 15
7 7 7 7 9 21 21 21 21 7 7 7 7 7 21 21 21 21 21 7 7 7 7 7 21 21 21 21 21 7 7 7 7 7 21 21 21 21 21 7 7 7 7 7 21 21 21 21 21 0 0 0 0 0 2
16 4 10 23 9 3 5 17 14 7 16 4 10 23 21 3 5 17 14 7 16 4 10 23 21 3 5 17 14 7 16 4 10 23 21 3 5 17 14 7 16 4 10 23 21 3 5 17 14 5 2 13 19 21 7
4 10 23 16 9 5 17 14 3 7 4 10 23 16 21 5 17 14 3 7 4 10 23 16 21 5 17 14 3 7 4 10 23 16 21 5 17 14 3 7 4 10 23 16 21 5 17 14 3 10 3 19 21 7 12
10 23 16 4 9 17 14 3 5 7 10 23 16 4 21 17 14 3 5 7 10 23 16 4 21 17 14 3 5 7 10 23 16 4 21 17 14 3 5 7 10 23 16 4 21 17 14 3 5 15 4 21 7 13 17
23 16 4 10 9 14 3 5 17 7 23 16 4 10 21 14 3 5 17 7 23 16 4 10 21 14 3 5 17 7 23 16 4 10 21 14 3 5 17 7 23 16 4 10 21 14 3 5 17 20 1 7 13 19 22
7 7 7 7 9 21 21 21 21 23 23 23 23 23 14 14 14 14 14 16 16 16 16 16 3 3 3 3 3 4 4 4 4 4 5 5 5 5 5 10 10 10 10 10 17 17 17 17 17 0 5 5 5 5 7
16 4 10 23 9 3 5 17 14 23 4 7 16 10 14 5 21 3 17 16 23 10 7 4 3 14 17 21 5 4 10 16 23 7 5 17 3 14 21 10 7 23 4 16 17 21 14 5 3 5 7 18 4 11 22
4 10 23 16 9 5 17 14 3 23 7 16 10 4 14 21 3 17 5 16 10 7 4 23 3 17 21 5 14 4 16 23 7 10 5 3 14 21 17 10 23 4 16 7 17 14 5 3 21 10 8 4 11 22 17
10 23 16 4 9 17 14 3 5 23 16 10 4 7 14 3 17 5 21 16 7 4 23 10 3 21 5 14 17 4 23 7 10 16 5 14 21 17 3 10 4 16 7 23 17 5 3 21 14 15 9 11 22 18 2
23 16 4 10 9 14 3 5 17 23 10 4 7 16 14 17 5 21 3 16 4 23 10 7 3 5 14 17 21 4 7 10 16 23 5 21 17 3 14 10 16 7 23 4 17 3 21 14 5 20 6 22 18 4 12
7 7 7 7 9 21 21 21 21 16 16 16 16 16 3 3 3 3 3 4 4 4 4 4 5 5 5 5 5 10 10 10 10 10 17 17 17 17 17 23 23 23 23 23 14 14 14 14 14 0 10 10 10 10 12
16 4 10 23 9 3 5 17 14 16 23 10 7 4 3 14 17 21 5 4 10 16 23 7 5 17 3 14 21 10 7 23 4 16 17 21 14 5 3 23 4 7 16 10 14 5 21 3 17 5 12 8 24 1 17
4 10 23 16 9 5 17 14 3 16 10 7 4 23 3 17 21 5 14 4 16 23 7 10 5 3 14 21 17 10 23 4 16 7 17 14 5 3 21 23 7 16 10 4 14 21 3 17 5 10 13 24 1 17 7
10 23 16 4 9 17 14 3 5 16 7 4 23 10 3 21 5 14 17 4 23 7 10 16 5 14 21 17 3 10 4 16 7 23 17 5 3 21 14 23 16 10 4 7 14 3 17 5 21 15 14 1 17 8 22
23 16 4 10 9 14 3 5 17 16 4 23 10 7 3 5 14 17 21 4 7 10 16 23 5 21 17 3 14 10 16 7 23 4 17 3 21 14 5 23 10 4 7 16 14 17 5 21 3 20 11 17 8 24 2
7 7 7 7 9 21 21 21 21 4 4 4 4 4 5 5 5 5 5 10 10 10 10 10 17 17 17 17 17 23 23 23 23 23 14 14 14 14 14 16 16 16 16 16 3 3 3 3 3 0 15 15 15 15 17
16 4 10 23 9 3 5 17 14 4 10 16 23 7 5 17 3 14 21 10 7 23 4 16 17 21 14 5 3 23 4 7 16 10 14 5 21 3 17 16 23 10 7 4 3 14 17 21 5 5 17 23 14 6 2
4 10 23 16 9 5 17 14 3 4 16 23 7 10 5 3 14 21 17 10 23 4 16 7 17 14 5 3 21 23 7 16 10 4 14 21 3 17 5 16 10 7 4 23 3 17 21 5 14 10 18 14 6 2 22
10 23 16 4 9 17 14 3 5 4 23 7 10 16 5 14 21 17 3 10 4 16 7 23 17 5 3 21 14 23 16 10 4 7 14 3 17 5 21 16 7 4 23 10 3 21 5 14 17 15 19 6 2 23 12
23 16 4 10 9 14 3 5 17 4 7 10 16 23 5 21 17 3 14 10 16 7 23 4 17 3 21 14 5 23 10 4 7 16 14 17 5 21 3 16 4 23 10 7 3 5 14 17 21 20 16 2 23 14 7
7 7 7 7 9 21 21 21 21 10 10 10 10 10 17 17 17 17 17 23 23 23 23 23 14 14 14 14 14 16 16 16 16 16 3 3 3 3 3 4 4 4 4 4 5 5 5 5 5 0 20 20 20 20 22
16 4 10 23 9 3 5 17 14 10 7 23 4 16 17 21 14 5 3 23 4 7 16 10 14 5 21 3 17 16 23 10 7 4 3 14 17 21 5 4 10 16 23 7 5 17 3 14 21 5 22 3 9 16 12
4 10 23 16 9 5 17 14 3 10 23 4 16 7 17 14 5 3 21 23 7 16 10 4 14 21 3 17 5 16 10 7 4 23 3 17 21 5 14 4 16 23 7 10 5 3 14 21 17 10 23 9 16 12 2
10 23 16 4 9 17 14 3 5 10 4 16 7 23 17 5 3 21 14 23 16 10 4 7 14 3 17 5 21 16 7 4 23 10 3 21 5 14 17 4 23 7 10 16 5 14 21 17 3 15 24 16 12 3 7
23 16 4 10 9 14 3 5 17 10 16 7 23 4 17 3 21 14 5 23 10 4 7 16 14 17 5 21 3 16 4 23 10 7 3 5 14 17 21 4 7 10 16 23 5 21 17 3 14 20 21 12 3 9 17
13 13 13 13 11 7 7 7 7 13 13 13 13 13 7 7 7 7 7 13 13 13 13 13 7 7 7 7 7 13 13 13 13 13 7 7 7 7 7 13 13 13 13 13 7 7 7 7 7 0 0 0 0 0 3
9 22 1 15 11 16 4 10 23 13 9 22 1 15 7 16 4 10 23 13 9 22 1 15 7 16 4 10 23 13 9 22 1 15 7 16 4 10 23 13 9 22 1 15 7 16 4 10 23 5 2 13 19 21 8
22 1 15 9 11 4 10 23 16 13 22 1 15 9 7 4 10 23 16 13 22 1 15 9 7 4 10 23 16 13 22 1 15 9 7 4 10 23 16 13 22 1 15 9 7 4 10 23 16 10 3 19 21 7 13
1 15 9 22 11 10 23 16 4 13 1 15 9 22 7 10 23 16 4 13 1 15 9 22 7 10 23 16 4 13 1 15 9 22 7 10 23 16 4 13 1 15 9 22 7 10 23 16 4 15 4 21 7 13 18
15 9 22 1 11 23 16 4 10 13 15 9 22 1 7 23 16 4 10 13 15 9 22 1 7 23 16 4 10 13 15 9 22 1 7 23 16 4 10 13 15 9 22 1 7 23 16 4 10 20 1 7 13 19 23
13 13 13 13 11 7 7 7 7 15 15 15 15 15 23 23 23 23 23 9 9 9 9 9 16 16 16 16 16 22 22 22 22 22 4 4 4 4 4 1 1 1 1 1 10 10 10 10 10 0 5 5 5 5 8
9 22 1 15 11 16 4 10 23 15 22 13 9 1 23 4 7 16 10 9 15 1 13 22 16 23 10 7 4 22 1 9 15 13 4 10 16 23 7 1 13 15 22 9 10 7 23 4 16 5 7 18 4 11 23
22 1 15 9 11 4 10 23 16 15 13 9 1 22 23 7 16 10 4 9 1 13 22 15 16 10 7 4 23 22 9 15 13 1 4 16 23 7 10 1 15 22 9 13 10 23 4 16 7 10 8 4 11 22 18
1 15 9 22 11 10 23 16 4 15 9 1 22 13 23 16 10 4 7 9 13 22 15 1 16 7 4 23 10 22 15 13 1 9 4 23 7 10 16 1 22 9 13 15 10 4 16 7 23 15 9 11 22 18 3
15 9 22 1 11 23 16 4 10 15 1 22 13 9 23 10 4 7 16 9 22 15 1 13 16 4 23 10 7 22 13 1 9 15 4 7 10 16 23 1 9 13 15 22 10 16 7 23 4 20 6 22 18 4 13
13 13 13 13 11 7 7 7 7 9 9 9 9 9 16 16 16 16 16 22 22 22 22 22 4 4 4 4 4 1 1 1 1 1 10 10 10 10 10 15 15 15 15 15 23 23 23 23 23 0 10 10 10 10 13
9 22 1 15 11 16 4 10 23 9 15 1 13 22 16 23 10 7 4 22 1 9 15 13 4 10 16 23 7 1 13 15 22 9 10 7 23 4 16 15 22 13 9 1 23 4 7 16 10 5 12 8 24 1 18
22 1 15 9 11 4 10 23 16 9 1 13 22 15 16 10 7 4 23 22 9 15 13 1 4 16 23 7 10 1 15 22 9 13 10 23 4 16 7 15 13 9 1 22 23 7 16 10 4 10 13 24 1 17 8
1 15 9 22 11 10 23 16 4 9 13 22 15 1 16 7 4 23 10 22 15 13 1 9 4 23 7 10 16 1 22 9 13 15 10 4 16 7 23 15 9 1 22 13 23 16 10 4 7 15 14 1 17 8 23
15 9 22 1 11 23 16 4 10 9 22 15 1 13 16 4 23 10 7 22 13 1 9 15 4 7 10 16 23 1 9 13 15 22 10 16 7 23 4 15 1 22 13 9 23 10 4 7 16 20 11 17 8 24 3
13 13 13 13 11 7 7 7 7 22 22 22 22 22 4 4 4 4 4 1 1 1 1 1 10 10 10 10 10 15 15 15 15 15 23 23 23 23 23 9 9 9 9 9 16 16 16 16 16 0 15 15 15 15 18
9 22 1 15 11 16 4 10 23 22 1 9 15 13 4 10 16 23 7 1 13 15 22 9 10 7 23 4 16 15 22 13 9 1 23 4 7 16 10 9 15 1 13 22 16 23 10 7 4 5 17 23 14 6 3
22 1 15 9 11 4 10 23 16 22 9 15 13 1 4 16 23 7 10 1 15 22 9 13 10 23 4 16 7 15 13 9 1 22 23 7 16 10 4 9 1 13 22 15 16 10 7 4 23 10 18 14 6 2 23
1 15 9 22 11 10 23 16 4 22 15 13 1 9 4 23 7 10 16 1 22 9 13 15 10 4 16 7 23 15 9 1 22 13 23 16 10 4 7 9 13 22 15 1 16 7 4 23 10 15 19 6 2 23 13
15 9 22 1 11 23 16 4 10 22 13 1 9 15 4 7 10 16 23 1 9 13 15 22 10 16 7 23 4 15 1 22 13 9 23 10 4 7 16 9 22 15 1 13 16 4 23 10 7 20 16 2 23 14 8
13 13 13 13 11 7 7 7 7 1 1 1 1 1 10 10 10 10 10 15 15 15 15 15 23 23 23 23 23 9 9 9 9 9 16 16 16 16 16 22 22 22 22 22 4 4 4 4 4 0 20 20 20 20 23
9 22 1 15 11 16 4 10 23 1 13 15 22 9 10 7 23 4 16 15 22 13 9 1 23 4 7 16 10 9 15 1 13 22 16 23 10 7 4 22 1 9 15 13 4 10 16 23 7 5 22 3 9 16 13
22 1 15 9 11 4 10 23 16 1 15 22 9 13 10 23 4 16 7 15 13 9 1 22 23 7 16 10 4 9 1 13 22 15 16 10 7 4 23 22 9 15 13 1 4 16 23 7 10 10 23 9 16 12 3
1 15 9 22 11 10 23 16 4 1 22 9 13 15 10 4 16 7 23 15 9 1 22 13 23 16 10 4 7 9 13 22 15 1 16 7 4 23 10 22 15 13 1 9 4 23 7 10 16 15 24 16 12 3 8
15 9 22 1 11 23 16 4 10 1 9 13 15 22 10 16 7 23 4 15 1 22 13 9 23 10 4 7 16 9 22 15 1 13 16 4 23 10 7 22 13 1 9 15 4 7 10 16 23 20 21 12 3 9 18
19 19 19 19 17 13 13 13 13 19 19 19 19 19 13 13 13 13 13 19 19 19 19 19 13 13 13 13 13 19 19 19 19 19 13 13 13 13 13 19 19 19 19 19 13 13 13 13 13 0 0 0 0 0 4
20 11 8 2 17 9 22 1 15 19 20 11 8 2 13 9 22 1 15 19 20 11 8 2 13 9 22 1 15 19 20 11 8 2 13 9 22 1 15 19 20 11 8 2 13 9 22 1 15 5 2 13 19 21 9
11 8 2 20 17 22 1 15 9 19 11 8 2 20 13 22 1 15 9 19 11 8 2 20 13 22 1 15 9 19 11 8 2 20 13 22 1 15 9 19 11 8 2 20 13 22 1 15 9 10 3 19 21 7 14
8 2 20 11 17 1 15 9 22 19 8 2 20 11 13 1 15 9 22 19 8 2 20 11 13 1 15 9 22 19 8 2 20 11 13 1 15 9 22 19 8 2 20 11 13 1 15 9 22 15 4 21 7 13 19
2 20 11 8 17 15 9 22 1 19 2 20 11 8 13 15 9 22 1 19 2 20 11 8 13 15 9 22 1 19 2 20 11 8 13 15 9 22 1 19 2 20 11 8 13 15 9 22 1 20 1 7 13 19 24
19 19 19 19 17 13 13 13 13 2 2 2 2 2 15 15 15 15 15 20 20 20 20 20 9 9 9 9 9 11 11 11 11 11 22 22 22 22 22 8 8 8 8 8 1 1 1 1 1 0 5 5 5 5 9
20 11 8 2 17 9 22 1 15 2 11 19 20 8 15 22 13 9 1 20 2 8 19 11 9 15 1 13 22 11 8 20 2 19 22 1 9 15 13 8 19 2 11 20 1 13 15 22 9 5 7 18 4 11 24
11 8 2 20 17 22 1 15 9 2 19 20 8 11 15 13 9 1 22 20 8 19 11 2 9 1 13 22 15 11 20 2 19 8 22 9 15 13 1 8 2 11 20 19 1 15 22 9 13 10 8 4 11 22 19
8 2 20 11 17 1 15 9 22 2 20 8 11 19 15 9 1 22 13 20 19 11 2 8 9 13 22 15 1 11 2 19 8 20 22 15 13 1 9 8 11 20 19 2 1 22 9 13 15 15 9 11 22 18 4
2 20 11 8 17 15 9 22 1 2 8 11 19 20 15 1 22 13 9 20 11 2 8 19 9 22 15 1 13 11 19 8 20 2 22 13 1 9 15 8 20 19 2 11 1 9 13 15 22 20 6 22 18 4 14
19 19 19 19 17 13 13 13 13 20 20 20 20 20 9 9 9 9 9 11 11 11 11 11 22 22 22 22 22 8 8 8 8 8 1 1 1 1 1 2 2 2 2 2 15 15 15 15 15 0 10 10 10 10 14
20 11 8 2 17 9 22 1 15 20 2 8 19 11 9 15 1 13 22 11 8 20 2 19 22 1 9 15 13 8 19 2 11 20 1 13 15 22 9 2 11 19 20 8 15 22 13 9 1 5 12 8 24 1 19
11 8 2 20 17 22 1 15 9 20 8 19 11 2 9 1 13 22 15 11 20 2 19 8 22 9 15 13 1 8 2 11 20 19 1 15 22 9 13 2 19 20 8 11 15 13 9 1 22 10 13 24 1 17 9
8 2 20 11 17 1 15 9 22 20 19 11 2 8 9 13 22 15 1 11 2 19 8 20 22 15 13 1 9 8 11 20 19 2 1 22 9 13 15 2 20 8 11 19 15 9 1 22 13 15 14 1 17 8 24
2 20 11 8 17 15 9 22 1 20 11 2 8 19 9 22 15 1 13 11 19 8 20 2 22 13 1 9 15 8 20 19 2 11 1 9 13 15 22 2 8 11 19 20 15 1 22 13 9 20 11 17 8 24 4
19 19 19 19 17 13 13 13 13 11 11 11 11 11 22 22 22 22 22 8 8 8 8 8 1 1 1 1 1 2 2 2 2 2 15 15 15 15 15 20 20 20 20 20 9 9 9 9 9 0 15 15 15 15 19
20 11 8 2 17 9 22 1 15 11 8 20 2 19 22 1 9 15 13 8 19 2 11 20 1 13 15 22 9 2 11 19 20 8 15 22 13 9 1 20 2 8 19 11 9 15 1 13 22 5 17 23 14 6 4
11 8 2 20 17 22 1 15 9 11 20 2 19 8 22 9 15 13 1 8 2 11 20 19 1 15 22 9 13 2 19 20 8 11 15 13 9 1 22 20 8 19 11 2 9 1 13 22 15 10 18 14 6 2 24
8 2 20 11 17 1 15 9 22 11 2 19 8 20 22 15 13 1 9 8 11 20 19 2 1 22 9 13 15 2 20 8 11 19 15 9 1 22 13 20 19 11 2 8 9 13 22 15 1 15 19 6 2 23 14
2 20 11 8 17 15 9 22 1 11 19 8 20 2 22 13 1 9 15 8 20 19 2 11 1 9 13 15 22 2 8 11 19 20 15 1 22 13 9 20 11 2 8 19 9 22 15 1 13 20 16 2 23 14 9
19 19 19 19 17 13 13 13 13 8 8 8 8 8 1 1 1 1 1 2 2 2 2 2 15 15 15 15 15 20 20 20 20 20 9 9 9 9 9 11 11 11 11 11 22 22 22 22 22 0 20 20 20 20 24
20 11 8 2 17 9 22 1 15 8 19 2 11 20 1 13 15 22 9 2 11 19 20 8 15 22 13 9 1 20 2 8 19 11 9 15 1 13 22 11 8 20 2 19 22 1 9 15 13 5 22 3 9 16 14
11 8 2 20 17 22 1 15 9 8 2 11 20 19 1 15 22 9 13 2 19 20 8 11 15 13 9 1 22 20 8 19 11 2 9 1 13 22 15 11 20 2 19 8 22 9 15 13 1 10 23 9 16 12 4
8 2 20 11 17 1 15 9 22 8 11 20 19 2 1 22 9 13 15 2 20 8 11 19 15 9 1 22 13 20 19 11 2 8 9 13 22 15 1 11 2 19 8 20 22 15 13 1 9 15 24 16 12 3 9
2 20 11 8 17 15 9 22 1 8 20 19 2 11 1 9 13 15 22 2 8 11 19 20 15 1 22 13 9 20 11 2 8 19 9 22 15 1 13 11 19 8 20 2 22 13 1 9 15 20 21 12 3 9 19
21 21 21 21 23 19 19 19 19 21 21 21 21 21 19 19 19 19 19 21 21 21 21 21 19 19 19 19 19 21 21 21 21 21 19 19 19 19 19 21 21 21 21 21 19 19 19 19 19 0 0 0 0 0 1
3 5 17 14 23 20 11 8 2 21 3 5 17 14 19 20 11 8 2 21 3 5 17 14 19 20 11 8 2 21 3 5 17 14 19 20 11 8 2 21 3 5 17 14 19 20 11 8 2 5 2 13 19 21 6
5 17 14 3 23 11 8 2 20 21 5 17 14 3 19 11 8 2 20 21 5 17 14 3 19 11 8 2 20 21 5 17 14 3 19 11 8 2 20 21 5 17 14 3 19 11 8 2 20 10 3 19 21 7 11
17 14 3 5 23 8 2 20 11 21 17 14 3 5 19 8 2 20 11 21 17 14 3 5 19 8 2 20 11 21 17 14 3 5 19 8 2 20 11 21 17 14 3 5 19 8 2 20 11 15 4 21 7 13 16
14 3 5 17 23 2 20 11 8 21 14 3 5 17 19 2 20 11 8 21 14 3 5 17 19 2 20 11 8 21 14 3 5 17 19 2 20 11 8 21 14 3 5 17 19 2 20 11 8 20 1 7 13 19 21
21 21 21 21 23 19 19 19 19 14 14 14 14 14 2 2 2 2 2 3 3 3 3 3 20 20 20 20 20 5 5 5 5 5 11 11 11 11 11 17 17 17 17 17 8 8 8 8 8 0 5 5 5 5 6
3 5 17 14 23 20 11 8 2 14 5 21 3 17 2 11 19 20 8 3 14 17 21 5 20 2 8 19 11 5 17 3 14 21 11 8 20 2 19 17 21 14 5 3 8 19 2 11 20 5 7 18 4 11 21
5 17 14 3 23 11 8 2 20 14 21 3 17 5 2 19 20 8 11 3 17 21 5 14 20 8 19 11 2 5 3 14 21 17 11 20 2 19 8 17 14 5 3 21 8 2 11 20 19 10 8 4 11 22 16
17 14 3 5 23 8 2 20 11 14 3 17 5 21 2 20 8 11 19 3 21 5 14 17 20 19 11 2 8 5 14 21 17 3 11 2 19 8 20 17 5 3 21 14 8 11 20 19 2 15 9 11 22 18 1
14 3 5 17 23 2 20 11 8 14 17 5 21 3 2 8 11 19 20 3 5 14 17 21 20 11 2 8 19 5 21 17 3 14 11 19 8 20 2 17 3 21 14 5 8 20 19 2 11 20 6 22 18 4 11
21 21 21 21 23 19 19 19 19 3 3 3 3 3 20 20 20 20 20 5 5 5 5 5 11 11 11 11 11 17 17 17 17 17 8 8 8 8 8 14 14 14 14 14 2 2 2 2 2 0 10 10 10 10 11
3 5 17 14 23 20 11 8 2 3 14 17 21 5 20 2 8 19 11 5 17 3 14 21 11 8 20 2 19 17 21 14 5 3 8 19 2 11 20 14 5 21 3 17 2 11 19 20 8 5 12 8 24 1 16
5 17 14 3 23 11 8 2 20 3 17 21 5 14 20 8 19 11 2 5 3 14 21 17 11 20 2 19 8 17 14 5 3 21 8 2 11 20 19 14 21 3 17 5 2 19 20 8 11 10 13 24 1 17 6
17 14 3 5 23 8 2 20 11 3 21 5 14 17 20 19 11 2 8 5 14 21 17 3 11 2 19 8 20 17 5 3 21 14 8 11 20 19 2 14 3 17 5 21 2 20 8 11 19 15 14 1 17 8 21
14 3 5 17 23 2 20 11 8 3 5 14 17 21 20 11 2 8 19 5 21 17 3 14 11 19 8 20 2 17 3 21 14 5 8 20 19 2 11 14 17 5 21 3 2 8 11 19 20 20 11 17 8 24 1
21 21 21 21 23 19 19 19 19 5 5 5 5 5 11 11 11 11 11 17 17 17 17 17 8 8 8 8 8 14 14 14 14 14 2 2 2 2 2 3 3 3 3 3 20 20 20 20 20 0 15 15 15 15 16
3 5 17 14 23 20 11 8 2 5 17 3 14 21 11 8 20 2 19 17 21 14 5 3 8 19 2 11 20 14 5 21 3 17 2 11 19 20 8 3 14 17 21 5 20 2 8 19 11 5 17 23 14 6 1
5 17 14 3 23 11 8 2 20 5 3 14 21 17 11 20 2 19 8 17 14 5 3 21 8 2 11 20 19 14 21 3 17 5 2 19 20 8 11 3 17 21 5 14 20 8 19 11 2 10 18 14 6 2 21
17 14 3 5 23 8 2 20 11 5 14 21 17 3 11 2 19 8 20 17 5 3 21 14 8 11 20 19 2 14 3 17 5 21 2 20 8 11 19 3 21 5 14 17 20 19 11 2 8 15 19 6 2 23 11
14 3 5 17 23 2 20 11 8 5 21 17 3 14 11 19 8 20 2 17 3 21 14 5 8 20 19 2 11 14 17 5 21 3 2 8 11 19 20 3 5 14 17 21 20 11 2 8 19 20 16 2 23 14 6
21 21 21 21 23 19 19 19 19 17 17 17 17 17 8 8 8 8 8 14 14 14 14 14 2 2 2 2 2 3 3 3 3 3 20 20 20 20 20 5 5 5 5 5 11 11 11 11 11 0 20 20 20 20 21
3 5 17 14 23 20 11 8 2 17 21 14 5 3 8 19 2 11 20 14 5 21 3 17 2 11 19 20 8 3 14 17 21 5 20 2 8 19 11 5 17 3 14 21 11 8 20 2 19 5 22 3 9 16 11
5 17 14 3 23 11 8 2 20 17 14 5 3 21 8 2 11 20 19 14 21 3 17 5 2 19 20 8 11 3 17 21 5 14 20 8 19 11 2 5 3 14 21 17 11 20 2 19 8 10 23 9 16 12 1
17 14 3 5 23 8 2 20 11 17 5 3 21 14 8 11 20 19 2 14 3 17 5 21 2 20 8 11 19 3 21 5 14 17 20 19 11 2 8 5 14 21 17 3 11 2 19 8 20 15 24 16 12 3 6
14 3 5 17 23 2 20 11 8 17 3 21 14 5 8 20 19 2 11 14 17 5 21 3 2 8 11 19 20 3 5 14 17 21 20 11 2 8 19 5 21 17 3 14 11 19 8 20 2 20 21 12 3 9 16
1 1 1 1 6 6 6 6 6 1 1 1 1 1 6 6 6 6 6 1 1 1 1 1 6 6 6 6 6 1 1 1 1 1 6 6 6 6 6 1 1 1 1 1 6 6 6 6 6 1 1 1 1 1 1
13 15 22 9 6 18 0 12 24 1 13 15 22 9 6 18 0 12 24 1 13 15 22 9 6 18 0 12 24 1 13 15 22 9 6 18 0 12 24 1 13 15 22 9 6 18 0 12 24 6 3 10 17 24 6
15 22 9 13 6 0 12 24 18 1 15 22 9 13 6 0 12 24 18 1 15 22 9 13 6 0 12 24 18 1 15 22 9 13 6 0 12 24 18 1 15 22 9 13 6 0 12 24 18 11 0 17 24 8 11
22 9 13 15 6 12 24 18 0 1 22 9 13 15 6 12 24 18 0 1 22 9 13 15 6 12 24 18 0 1 22 9 13 15 6 12 24 18 0 1 22 9 13 15 6 12 24 18 0 16 2 24 8 10 16
9 13 15 22 6 24 18 0 12 1 9 13 15 22 6 24 18 0 12 1 9 13 15 22 6 24 18 0 12 1 9 13 15 22 6 24 18 0 12 1 9 13 15 22 6 24 18 0 12 21 4 8 10 17 21
1 1 1 1 6 6 6 6 6 9 9 9 9 9 24 24 24 24 24 13 13 13 13 13 18 18 18 18 18 15 15 15 15 15 0 0 0 0 0 22 22 22 22 22 12 12 12 12 12 1 6 6 6 6 6
13 15 22 9 6 18 0 12 24 9 15 1 13 22 24 0 6 18 12 13 9 22 1 15 18 24 12 6 0 15 22 13 9 1 0 12 18 24 6 22 1 9 15 13 12 6 24 0 18 6 8 15 2 14 21
15 22 9 13 6 0 12 24 18 9 1 13 22 15 24 6 18 12 0 13 22 1 15 9 18 12 6 0 24 15 13 9 1 22 0 18 24 6 12 22 9 15 13 1 12 24 0 18 6 11 5 2 14 23 16
22 9 13 15 6 12 24 18 0 9 13 22 15 1 24 18 12 0 6 13 1 15 9 22 18 6 0 24 12 15 9 1 22 13 0 24 6 12 18 22 15 13 1 9 12 0 18 6 24 16 7 14 23 15 1
9 13 15 22 6 24 18 0 12 9 22 15 1 13 24 12 0 6 18 13 15 9 22 1 18 0 24 12 6 15 1 22 13 9 0 6 12 18 24 22 13 1 9 15 12 18 6 24 0 21 9 23 15 2 11
1 1 1 1 6 6 6 6 6 13 13 13 13 13 18 18 18 18 18 15 15 15 15 15 0 0 0 0 0 22 22 22 22 22 12 12 12 12 12 9 9 9 9 9 24 24 24 24 24 1 11 11 11 11 11
13 15 22 9 6 18 0 12 24 13 9 22 1 15 18 24 12 6 0 15 22 13 9 1 0 12 18 24 6 22 1 9 15 13 12 6 24 0 18 9 15 1 13 22 24 0 6 18 12 6 13 5 22 4 16
15 22 9 13 6 0 12 24 18 13 22 1 15 9 18 12 6 0 24 15 13 9 1 22 0 18 24 6 12 22 9 15 13 1 12 24 0 18 6 9 1 13 22 15 24 6 18 12 0 11 10 22 4 18 6
22 9 13 15 6 12 24 18 0 13 1 15 9 22 18 6 0 24 12 15 9 1 22 13 0 24 6 12 18 22 15 13 1 9 12 0 18 6 24 9 13 22 15 1 24 18 12 0 6 16 12 4 18 5 21
9 13 15 22 6 24 18 0 12 13 15 9 22 1 18 0 24 12 6 15 1 22 13 9 0 6 12 18 24 22 13 1 9 15 12 18 6 24 0 9 22 15 1 13 24 12 0 6 18 21 14 18 5 22 1
1 1 1 1 6 6 6 6 6 15 15 15 15 15 0 0 0 0 0 22 22 22 22 22 12 12 12 12 12 9 9 9 9 9 24 24 24 24 24 13 13 13 13 13 18 18 18 18 18 1 16 16 16 16 16
13 15 22 9 6 18 0 12 24 15 22 13 9 1 0 12 18 24 6 22 1 9 15 13 12 6 24 0 18 9 15 1 13 22 24 0 6 18 12 13 9 22 1 15 18 24 12 6 0 6 18 20 12 9 1
15 22 9 13 6 0 12 24 18 15 13 9 1 22 0 18 24 6 12 22 9 15 13 1 12 24 0 18 6 9 1 13 22 15 24 6 18 12 0 13 22 1 15 9 18 12 6 0 24 11 15 12 9 3 21
22 9 13 15 6 12 24 18 0 15 9 1 22 13 0 24 6 12 18 22 15 13 1 9 12 0 18 6 24 9 13 22 15 1 24 18 12 0 6 13 1 15 9 22 18 6 0 24 12 16 17 9 3 20 11
9 13 15 22 6 24 18 0 12 15 1 22 13 9 0 6 12 18 24 22 13 1 9 15 12 18 6 24 0 9 22 15 1 13 24 12 0 6 18 13 15 9 22 1 18 0 24 12 6 21 19 3 20 12 6
1 1 1 1 6 6 6 6 6 22 22 22 22 22 12 12 12 12 12 9 9 9 9 9 24 24 24 24 24 13 13 13 13 13 18 18 18 18 18 15 15 15 15 15 0 0 0 0 0 1 21 21 21 21 21
13 15 22 9 6 18 0 12 24 22 1 9 15 13 12 6 24 0 18 9 15 1 13 22 24 0 6 18 12 13 9 22 1 15 18 24 12 6 0 15 22 13 9 1 0 12 18 24 6 6 23 0 7 19 11
15 22 9 13 6 0 12 24 18 22 9 15 13 1 12 24 0 18 6 9 1 13 22 15 24 6 18 12 0 13 22 1 15 9 18 12 6 0 24 15 13 9 1 22 0 18 24 6 12 11 20 7 19 13 1
22 9 13 15 6 12 24 18 0 22 15 13 1 9 12 0 18 6 24 9 13 22 15 1 24 18 12 0 6 13 1 15 9 22 18 6 0 24 12 15 9 1 22 13 0 24 6 12 18 16 22 19 13 0 6
9 13 15 22 6 24 18 0 12 22 13 1 9 15 12 18 6 24 0 9 22 15 1 13 24 12 0 6 18 13 15 9 22 1 18 0 24 12 6 15 1 22 13 9 0 6 12 18 24 21 24 13 0 7 16
8 8 8 8 22 14 14 14 14 8 8 8 8 8 14 14 14 14 14 8 8 8 8 8 14 14 14 14 14 8 8 8 8 8 14 14 14 14 14 8 8 8 8 8 14 14 14 14 14 1 1 1 1 1 3
19 2 11 20 22 5 21 3 17 8 19 2 11 20 14 5 21 3 17 8 19 2 11 20 14 5 21 3 17 8 19 2 11 20 14 5 21 3 17 8 19 2 11 20 14 5 21 3 17 6 3 10 17 24 8
2 11 20 19 22 21 3 17 5 8 2 11 20 19 14 21 3 17 5 8 2 11 20 19 14 21 3 17 5 8 2 11 20 19 14 21 3 17 5 8 2 11 20 19 14 21 3 17 5 11 0 17 24 8 13
11 20 19 2 22 3 17 5 21 8 11 20 19 2 14 3 17 5 21 8 11 20 19 2 14 3 17 5 21 8 11 20 19 2 14 3 17 5 21 8 11 20 19 2 14 3 17 5 21 16 2 24 8 10 18
20 19 2 11 22 17 5 21 3 8 20 19 2 11 14 17 5 21 3 8 20 19 2 11 14 17 5 21 3 8 20 19 2 11 14 17 5 21 3 8 20 19 2 11 14 17 5 21 3 21 4 8 10 17 23
8 8 8 8 22 14 14 14 14 20 20 20 20 20 17 17 17 17 17 19 19 19 19 19 5 5 5 5 5 2 2 2 2 2 21 21 21 21 21 11 11 11 11 11 3 3 3 3 3 1 6 6 6 6 8
19 2 11 20 22 5 21 3 17 20 2 8 19 11 17 21 14 5 3 19 20 11 8 2 5 17 3 14 21 2 11 19 20 8 21 3 5 17 14 11 8 20 2 19 3 14 17 21 5 6 8 15 2 14 23
2 11 20 19 22 21 3 17 5 20 8 19 11 2 17 14 5 3 21 19 11 8 2 20 5 3 14 21 17 2 19 20 8 11 21 5 17 14 3 11 20 2 19 8 3 17 21 5 14 11 5 2 14 23 18
11 20 19 2 22 3 17 5 21 20 19 11 2 8 17 5 3 21 14 19 8 2 20 11 5 14 21 17 3 2 20 8 11 19 21 17 14 3 5 11 2 19 8 20 3 21 5 14 17 16 7 14 23 15 3
20 19 2 11 22 17 5 21 3 20 11 2 8 19 17 3 21 14 5 19 2 20 11 8 5 21 17 3 14 2 8 11 19 20 21 14 3 5 17 11 19 8 20 2 3 5 14 17 21 21 9 23 15 2 13
8 8 8 8 22 14 14 14 14 19 19 19 19 19 5 5 5 5 5 2 2 2 2 2 21 21 21 21 21 11 11 11 11 11 3 3 3 3 3 20 20 20 20 20 17 17 17 17 17 1 11 11 11 11 13
19 2 11 20 22 5 21 3 17 19 20 11 8 2 5 17 3 14 21 2 11 19 20 8 21 3 5 17 14 11 8 20 2 19 3 14 17 21 5 20 2 8 19 11 17 21 14 5 3 6 13 5 22 4 18
2 11 20 19 22 21 3 17 5 19 11 8 2 20 5 3 14 21 17 2 19 20 8 11 21 5 17 14 3 11 20 2 19 8 3 17 21 5 14 20 8 19 11 2 17 14 5 3 21 11 10 22 4 18 8
11 20 19 2 22 3 17 5 21 19 8 2 20 11 5 14 21 17 3 2 20 8 11 19 21 17 14 3 5 11 2 19 8 20 3 21 5 14 17 20 19 11 2 8 17 5 3 21 14 16 12 4 18 5 23
20 19 2 11 22 17 5 21 3 19 2 20 11 8 5 21 17 3 14 2 8 11 19 20 21 14 3 5 17 11 19 8 20 2 3 5 14 17 21 20 11 2 8 19 17 3 21 14 5 21 14 18 5 22 3
8 8 8 8 22 14 14 14 14 2 2 2 2 2 21 21 21 21 21 11 11 11 11 11 3 3 3 3 3 20 20 20 20 20 17 17 17 17 17 19 19 19 19 19 5 5 5 5 5 1 16 16 16 16 18
19 2 11 20 22 5 21 3 17 2 11 19 20 8 21 3 5 17 14 11 8 20 2 19 3 14 17 21 5 20 2 8 19 11 17 21 14 5 3 19 20 11 8 2 5 17 3 14 21 6 18 20 12 9 3
2 11 20 19 22 21 3 17 5 2 19 20 8 11 21 5 17 14 3 11 20 2 19 8 3 17 21 5 14 20 8 19 11 2 17 14 5 3 21 19 11 8 2 20 5 3 14 21 17 11 15 12 9 3 23
11 20 19 2 22 3 17 5 21 2 20 8 11 19 21 17 14 3 5 11 2 19 8 20 3 21 5 14 17 20 19 11 2 8 17 5 3 21 14 19 8 2 20 11 5 14 21 17 3 16 17 9 3 20 13
20 19 2 11 22 17 5 21 3 2 8 11 19 20 21 14 3 5 17 11 19 8 20 2 3 5 14 17 21 20 11 2 8 19 17 3 21 14 5 19 2 20 11 8 5 21 17 3 14 21 19 3 20 12 8
8 8 8 8 22 14 14 14 14 11 11 11 11 11 3 3 3 3 3 20 20 20 20 20 17 17 17 17 17 19 19 19 19 19 5 5 5 5 5 2 2 2 2 2 21 21 21 21 21 1 21 21 21 21 23
19 2 11 20 22 5 21 3 17 11 8 20 2 19 3 14 17 21 5 20 2 8 19 11 17 21 14 5 3 19 20 11 8 2 5 17 3 14 21 2 11 19 20 8 21 3 5 17 14 6 23 0 7 19 13
2 11 20 19 22 21 3 17 5 11 20 2 19 8 3 17 21 5 14 20 8 19 11 2 17 14 5 3 21 19 11 8 2 20 5 3 14 21 17 2 19 20 8 11 21 5 17 14 3 11 20 7 19 13 3
11 20 19 2 22 3 17 5 21 11 2 19 8 20 3 21 5 14 17 20 19 11 2 8 17 5 3 21 14 19 8 2 20 11 5 14 21 17 3 2 20 8 11 19 21 17 14 3 5 16 22 19 13 0 8
20 19 2 11 22 17 5 21 3 11 19 8 20 2 3 5 14 17 21 20 11 2 8 19 17 3 21 14 5 19 2 20 11 8 5 21 17 3 14 2 8 11 19 20 21 14 3 5 17 21 24 13 0 7 18
10 10 10 10 19 23 23 23 23 10 10 10 10 10 23 23 23 23 23 10 10 10 10 10 23 23 23 23 23 10 10 10 10 10 23 23 23 23 23 10 10 10 10 10 23 23 23 23 23 1 1 1 1 1 0
7 23 4 16 19 4 7 16 10 10 7 23 4 16 23 4 7 16 10 10 7 23 4 16 23 4 7 16 10 10 7 23 4 16 23 4 7 16 10 10 7 23 4 16 23 4 7 16 10 6 3 10 17 24 5
23 4 16 7 19 7 16 10 4 10 23 4 16 7 23 7 16 10 4 10 23 4 16 7 23 7 16 10 4 10 23 4 16 7 23 7 16 10 4 10 23 4 16 7 23 7 16 10 4 11 0 17 24 8 10
4 16 7 23 19 16 10 4 7 10 4 16 7 23 23 16 10 4 7 10 4 16 7 23 23 16 10 4 7 10 4 16 7 23 23 16 10 4 7 10 4 16 7 23 23 16 10 4 7 16 2 24 8 10 15
16 7 23 4 19 10 4 7 16 10 16 7 23 4 23 10 4 7 16 10 16 7 23 4 23 10 4 7 16 10 16 7 23 4 23 10 4 7 16 10 16 7 23 4 23 10 4 7 16 21 4 8 10 17 20
10 10 10 10 19 23 23 23 23 16 16 16 16 16 10 10 10 10 10 7 7 7 7 7 4 4 4 4 4 23 23 23 23 23 7 7 7 7 7 4 4 4 4 4 16 16 16 16 16 1 6 6 6 6 5
7 23 4 16 19 4 7 16 10 16 23 10 7 4 10 7 23 4 16 7 16 4 10 23 4 10 16 23 7 23 4 7 16 10 7 16 4 10 23 4 10 16 23 7 16 23 10 7 4 6 8 15 2 14 20
23 4 16 7 19 7 16 10 4 16 10 7 4 23 10 23 4 16 7 7 4 10 23 16 4 16 23 7 10 23 7 16 10 4 7 4 10 23 16 4 16 23 7 10 16 10 7 4 23 11 5 2 14 23 15
4 16 7 23 19 16 10 4 7 16 7 4 23 10 10 4 16 7 23 7 10 23 16 4 4 23 7 10 16 23 16 10 4 7 7 10 23 16 4 4 23 7 10 16 16 7 4 23 10 16 7 14 23 15 0
16 7 23 4 19 10 4 7 16 16 4 23 10 7 10 16 7 23 4 7 23 16 4 10 4 7 10 16 23 23 10 4 7 16 7 23 16 4 10 4 7 10 16 23 16 4 23 10 7 21 9 23 15 2 10
10 10 10 10 19 23 23 23 23 7 7 7 7 7 4 4 4 4 4 23 23 23 23 23 7 7 7 7 7 4 4 4 4 4 16 16 16 16 16 16 16 16 16 16 10 10 10 10 10 1 11 11 11 11 10
7 23 4 16 19 4 7 16 10 7 16 4 10 23 4 10 16 23 7 23 4 7 16 10 7 16 4 10 23 4 10 16 23 7 16 23 10 7 4 16 23 10 7 4 10 7 23 4 16 6 13 5 22 4 15
23 4 16 7 19 7 16 10 4 7 4 10 23 16 4 16 23 7 10 23 7 16 10 4 7 4 10 23 16 4 16 23 7 10 16 10 7 4 23 16 10 7 4 23 10 23 4 16 7 11 10 22 4 18 5
4 16 7 23 19 16 10 4 7 7 10 23 16 4 4 23 7 10 16 23 16 10 4 7 7 10 23 16 4 4 23 7 10 16 16 7 4 23 10 16 7 4 23 10 10 4 16 7 23 16 12 4 18 5 20
16 7 23 4 19 10 4 7 16 7 23 16 4 10 4 7 10 16 23 23 10 4 7 16 7 23 16 4 10 4 7 10 16 23 16 4 23 10 7 16 4 23 10 7 10 16 7 23 4 21 14 18 5 22 0
10 10 10 10 19 23 23 23 23 23 23 23 23 23 7 7 7 7 7 4 4 4 4 4 16 16 16 16 16 16 16 16 16 16 10 10 10 10 10 7 7 7 7 7 4 4 4 4 4 1 16 16 16 16 15
7 23 4 16 19 4 7 16 10 23 4 7 16 10 7 16 4 10 23 4 10 16 23 7 16 23 10 7 4 16 23 10 7 4 10 7 23 4 16 7 16 4 10 23 4 10 16 23 7 6 18 20 12 9 0
23 4 16 7 19 7 16 10 4 23 7 16 10 4 7 4 10 23 16 4 16 23 7 10 16 10 7 4 23 16 10 7 4 23 10 23 4 16 7 7 4 10 23 16 4 16 23 7 10 11 15 12 9 3 20
4 16 7 23 19 16 10 4 7 23 16 10 4 7 7 10 23 16 4 4 23 7 10 16 16 7 4 23 10 16 7 4 23 10 10 4 16 7 23 7 10 23 16 4 4 23 7 10 16 16 17 9 3 20 10
16 7 23 4 19 10 4 7 16 23 10 4 7 16 7 23 16 4 10 4 7 10 16 23 16 4 23 10 7 16 4 23 10 7 10 16 7 23 4 7 23 16 4 10 4 7 10 16 23 21 19 3 20 12 5
10 10 10 10 19 23 23 23 23 4 4 4 4 4 16 16 16 16 16 16 16 16 16 16 10 10 10 10 10 7 7 7 7 7 4 4 4 4 4 23 23 23 23 23 7 7 7 7 7 1 21 21 21 21 20
7 23 4 16 19 4 7 16 10 4 10 16 23 7 16 23 10 7 4 16 23 10 7 4 10 7 23 4 16 7 16 4 10 23 4 10 16 23 7 23 4 7 16 10 7 16 4 10 23 6 23 0 7 19 10
23 4 16 7 19 7 16 10 4 4 16 23 7 10 16 10 7 4 23 16 10 7 4 23 10 23 4 16 7 7 4 10 23 16 4 16 23 7 10 23 7 16 10 4 7 4 10 23 16 11 20 7 19 13 0
4 16 7 23 19 16 10 4 7 4 23 7 10 16 16 7 4 23 10 16 7 4 23 10 10 4 16 7 23 7 10 23 16 4 4 23 7 10 16 23 16 10 4 7 7 10 23 16 4 16 22 19 13 0 5
16 7 23 4 19 10 4 7 16 4 7 10 16 23 16 4 23 10 7 16 4 23 10 7 10 16 7 23 4 7 23 16 4 10 4 7 10 16 23 23 10 4 7 16 7 23 16 4 10 21 24 13 0 7 15
17 17 17 17 3 15 15 15 15 17 17 17 17 17 15 15 15 15 15 17 17 17 17 17 15 15 15 15 15 17 17 17 17 17 15 15 15 15 15 17 17 17 17 17 15 15 15 15 15 1 1 1 1 1 2
21 14 5 3 3 22 13 9 1 17 21 14 5 3 15 22 13 9 1 17 21 14 5 3 15 22 13 9 1 17 21 14 5 3 15 22 13 9 1 17 21 14 5 3 15 22 13 9 1 6 3 10 17 24 7
14 5 3 21 3 13 9 1 22 17 14 5 3 21 15 13 9 1 22 17 14 5 3 21 15 13 9 1 22 17 14 5 3 21 15 13 9 1 22 17 14 5 3 21 15 13 9 1 22 11 0 17 24 8 12
5 3 21 14 3 9 1 22 13 17 5 3 21 14 15 9 1 22 13 17 5 3 21 14 15 9 1 22 13 17 5 3 21 14 15 9 1 22 13 17 5 3 21 14 15 9 1 22 13 16 2 24 8 10 17
3 21 14 5 3 1 22 13 9 17 3 21 14 5 15 1 22 13 9 17 3 21 14 5 15 1 22 13 9 17 3 21 14 5 15 1 22 13 9 17 3 21 14 5 15 1 22 13 9 21 4 8 10 17 22
17 17 17 17 3 15 15 15 15 3 3 3 3 3 1 1 1 1 1 21 21 21 21 21 22 22 22 22 22 14 14 14 14 14 13 13 13 13 13 5 5 5 5 5 9 9 9 9 9 1 6 6 6 6 7
21 14 5 3 3 22 13 9 1 3 14 17 21 5 1 13 15 22 9 21 3 5 17 14 22 1 9 15 13 14 5 21 3 17 13 9 22 1 15 5 17 3 14 21 9 15 1 13 22 6 8 15 2 14 22
14 5 3 21 3 13 9 1 22 3 17 21 5 14 1 15 22 9 13 21 5 17 14 3 22 9 15 13 1 14 21 3 17 5 13 22 1 15 9 5 3 14 21 17 9 1 13 22 15 11 5 2 14 23 17
5 3 21 14 3 9 1 22 13 3 21 5 14 17 1 22 9 13 15 21 17 14 3 5 22 15 13 1 9 14 3 17 5 21 13 1 15 9 22 5 14 21 17 3 9 13 22 15 1 16 7 14 23 15 2
3 21 14 5 3 1 22 13 9 3 5 14 17 21 1 9 13 15 22 21 14 3 5 17 22 13 1 9 15 14 17 5 21 3 13 15 9 22 1 5 21 17 3 14 9 22 15 1 13 21 9 23 15 2 12
17 17 17 17 3 15 15 15 15 21 21 21 21 21 22 22 22 22 22 14 14 14 14 14 13 13 13 13 13 5 5 5 5 5 9 9 9 9 9 3 3 3 3 3 1 1 1 1 1 1 11 11 11 11 12
21 14 5 3 3 22 13 9 1 21 3 5 17 14 22 1 9 15 13 14 5 21 3 17 13 9 22 1 15 5 17 3 14 21 9 15 1 13 22 3 14 17 21 5 1 13 15 22 9 6 13 5 22 4 17
14 5 3 21 3 13 9 1 22 21 5 17 14 3 22 9 15 13 1 14 21 3 17 5 13 22 1 15 9 5 3 14 21 17 9 1 13 22 15 3 17 21 5 14 1 15 22 9 13 11 10 22 4 18 7
5 3 21 14 3 9 1 22 13 21 17 14 3 5 22 15 13 1 9 14 3 17 5 21 13 1 15 9 22 5 14 21 17 3 9 13 22 15 1 3 21 5 14 17 1 22 9 13 15 16 12 4 18 5 22
3 21 14 5 3 1 22 13 9 21 14 3 5 17 22 13 1 9 15 14 17 5 21 3 13 15 9 22 1 5 21 17 3 14 9 22 15 1 13 3 5 14 17 21 1 9 13 15 22 21 14 18 5 22 2
17 17 17 17 3 15 15 15 15 14 14 14 14 14 13 13 13 13 13 5 5 5 5 5 9 9 9 9 9 3 3 3 3 3 1 1 1 1 1 21 21 21 21 21 22 22 22 22 22 1 16 16 16 16 17
21 14 5 3 3 22 13 9 1 14 5 21 3 17 13 9 22 1 15 5 17 3 14 21 9 15 1 13 22 3 14 17 21 5 1 13 15 22 9 21 3 5 17 14 22 1 9 15 13 6 18 20 12 9 2
14 5 3 21 3 13 9 1 22 14 21 3 17 5 13 22 1 15 9 5 3 14 21 17 9 1 13 22 15 3 17 21 5 14 1 15 22 9 13 21 5 17 14 3 22 9 15 13 1 11 15 12 9 3 22
5 3 21 14 3 9 1 22 13 14 3 17 5 21 13 1 15 9 22 5 14 21 17 3 9 13 22 15 1 3 21 5 14 17 1 22 9 13 15 21 17 14 3 5 22 15 13 1 9 16 17 9 3 20 12
3 21 14 5 3 1 22 13 9 14 17 5 21 3 13 15 9 22 1 5 21 17 3 14 9 22 15 1 13 3 5 14 17 21 1 9 13 15 22 21 14 3 5 17 22 13 1 9 15 21 19 3 20 12 7
17 17 17 17 3 15 15 15 15 5 5 5 5 5 9 9 9 9 9 3 3 3 3 3 1 1 1 1 1 21 21 21 21 21 22 22 22 22 22 14 14 14 14 14 13 13 13 13 13 1 21 21 21 21 22
21 14 5 3 3 22 13 9 1 5 17 3 14 21 9 15 1 13 22 3 14 17 21 5 1 13 15 22 9 21 3 5 17 14 22 1 9 15 13 14 5 21 3 17 13 9 22 1 15 6 23 0 7 19 12
14 5 3 21 3 13 9 1 22 5 3 14 21 17 9 1 13 22 15 3 17 21 5 14 1 15 22 9 13 21 5 17 14 3 22 9 15 13 1 14 21 3 17 5 13 22 1 15 9 11 20 7 19 13 2
5 3 21 14 3 9 1 22 13 5 14 21 17 3 9 13 22 15 1 3 21 5 14 17 1 22 9 13 15 21 17 14 3 5 22 15 13 1 9 14 3 17 5 21 13 1 15 9 22 16 22 19 13 0 7
3 21 14 5 3 1 22 13 9 5 21 17 3 14 9 22 15 1 13 3 5 14 17 21 1 9 13 15 22 21 14 3 5 17 22 13 1 9 15 14 17 5 21 3 13 15 9 22 1 21 24 13 0 7 17
24 24 24 24 10 2 2 2 2 24 24 24 24 24 2 2 2 2 2 24 24 24 24 24 2 2 2 2 2 24 24 24 24 24 2 2 2 2 2 24 24 24 24 24 2 2 2 2 2 1 1 1 1 1 4
0 6 18 12 10 11 19 20 8 24 0 6 18 12 2 11 19 20 8 24 0 6 18 12 2 11 19 20 8 24 0 6 18 12 2 11 19 20 8 24 0 6 18 12 2 11 19 20 8 6 3 10 17 24 9
6 18 12 0 10 19 20 8 11 24 6 18 12 0 2 19 20 8 11 24 6 18 12 0 2 19 20 8 11 24 6 18 12 0 2 19 20 8 11 24 6 18 12 0 2 19 20 8 11 11 0 17 24 8 14
18 12 0 6 10 20 8 11 19 24 18 12 0 6 2 20 8 11 19 24 18 12 0 6 2 20 8 11 19 24 18 12 0 6 2 20 8 11 19 24 18 12 0 6 2 20 8 11 19 16 2 24 8 10 19
12 0 6 18 10 8 11 19 20 24 12 0 6 18 2 8 11 19 20 24 12 0 6 18 2 8 11 19 20 24 12 0 6 18 2 8 11 19 20 24 12 0 6 18 2 8 11 19 20 21 4 8 10 17 24
24 24 24 24 10 2 2 2 2 12 12 12 12 12 8 8 8 8 8 0 0 0 0 0 11 11 11 11 11 6 6 6 6 6 19 19 19 19 19 18 18 18 18 18 20 20 20 20 20 1 6 6 6 6 9
0 6 18 12 10 11 19 20 8 12 6 24 0 18 8 19 2 11 20 0 12 18 24 6 11 8 20 2 19 6 18 0 12 24 19 20 11 8 2 18 24 12 6 0 20 2 8 19 11 6 8 15 2 14 24
6 18 12 0 10 19 20 8 11 12 24 0 18 6 8 2 11 20 19 0 18 24 6 12 11 20 2 19 8 6 0 12 24 18 19 11 8 2 20 18 12 6 0 24 20 8 19 11 2 11 5 2 14 23 19
18 12 0 6 10 20 8 11 19 12 0 18 6 24 8 11 20 19 2 0 24 6 12 18 11 2 19 8 20 6 12 24 18 0 19 8 2 20 11 18 6 0 24 12 20 19 11 2 8 16 7 14 23 15 4
12 0 6 18 10 8 11 19 20 12 18 6 24 0 8 20 19 2 11 0 6 12 18 24 11 19 8 20 2 6 24 18 0 12 19 2 20 11 8 18 0 24 12 6 20 11 2 8 19 21 9 23 15 2 14
24 24 24 24 10 2 2 2 2 0 0 0 0 0 11 11 11 11 11 6 6 6 6 6 19 19 19 19 19 18 18 18 18 18 20 20 20 20 20 12 12 12 12 12 8 8 8 8 8 1 11 11 11 11 14
0 6 18 12 10 11 19 20 8 0 12 18 24 6 11 8 20 2 19 6 18 0 12 24 19 20 11 8 2 18 24 12 6 0 20 2 8 19 11 12 6 24 0 18 8 19 2 11 20 6 13 5 22 4 19
6 18 12 0 10 19 20 8 11 0 18 24 6 12 11 20 2 19 8 6 0 12 24 18 19 11 8 2 20 18 12 6 0 24 20 8 19 11 2 12 24 0 18 6 8 2 11 20 19 11 10 22 4 18 9
18 12 0 6 10 20 8 11 19 0 24 6 12 18 11 2 19 8 20 6 12 24 18 0 19 8 2 20 11 18 6 0 24 12 20 19 11 2 8 12 0 18 6 24 8 11 20 19 2 16 12 4 18 5 24
12 0 6 18 10 8 11 19 20 0 6 12 18 24 11 19 8 20 2 6 24 18 0 12 19 2 20 11 8 18 0 24 12 6 20 11 2 8 19 12 18 6 24 0 8 20 19 2 11 21 14 18 5 22 4
24 24 24 24 10 2 2 2 2 6 6 6 6 6 19 19 19 19 19 18 18 18 18 18 20 20 20 20 20 12 12 12 12 12 8 8 8 8 8 0 0 0 0 0 11 11 11 11 11 1 16 16 16 16 19
0 6 18 12 10 11 19 20 8 6 18 0 12 24 19 20 11 8 2 18 24 12 6 0 20 2 8 19 11 12 6 24 0 18 8 19 2 11 20 0 12 18 24 6 11 8 20 2 19 6 18 20 12 9 4
6 18 12 0 10 19 20 8 11 6 0 12 24 18 19 11 8 2 20 18 12 6 0 24 20 8 19 11 2 12 24 0 18 6 8 2 11 20 19 0 18 24 6 12 11 20 2 19 8 11 15 12 9 3 24
18 12 0 6 10 20 8 11 19 6 12 24 18 0 19 8 2 20 11 18 6 0 24 12 20 19 11 2 8 12 0 18 6 24 8 11 20 19 2 0 24 6 12 18 11 2 19 8 20 16 17 9 3 20 14
12 0 6 18 10 8 11 19 20 6 24 18 0 12 19 2 20 11 8 18 0 24 12 6 20 11 2 8 19 12 18 6 24 0 8 20 19 2 11 0 6 12 18 24 11 19 8 20 2 21 19 3 20 12 9
24 24 24 24 10 2 2 2 2 18 18 18 18 18 20 20 20 20 20 12 12 12 12 12 8 8 8 8 8 0 0 0 0 0 11 11 11 11 11 6 6 6 6 6 19 19 19 19 19 1 21 21 21 21 24
0 6 18 12 10 11 19 20 8 18 24 12 6 0 20 2 8 19 11 12 6 24 0 18 8 19 2 11 20 0 12 18 24 6 11 8 20 2 19 6 18 0 12 24 19 20 11 8 2 6 23 0 7 19 14
6 18 12 0 10 19 20 8 11 18 12 6 0 24 20 8 19 11 2 12 24 0 18 6 8 2 11 20 19 0 18 24 6 12 11 20 2 19 8 6 0 12 24 18 19 11 8 2 20 11 20 7 19 13 4
18 12 0 6 10 20 8 11 19 18 6 0 24 12 20 19 11 2 8 12 0 18 6 24 8 11 20 19 2 0 24 6 12 18 11 2 19 8 20 6 12 24 18 0 19 8 2 20 11 16 22 19 13 0 9
12 0 6 18 10 8 11 19 20 18 0 24 12 6 20 11 2 8 19 12 18 6 24 0 8 20 19 2 11 0 6 12 18 24 11 19 8 20 2 6 24 18 0 12 19 2 20 11 8 21 24 13 0 7 19
2 2 2 2 12 12 12 12 12 2 2 2 2 2 12 12 12 12 12 2 2 2 2 2 12 12 12 12 12 2 2 2 2 2 12 12 12 12 12 2 2 2 2 2 12 12 12 12 12 2 2 2 2 2 2
11 19 20 8 12 6 24 0 18 2 11 19 20 8 12 6 24 0 18 2 11 19 20 8 12 6 24 0 18 2 11 19 20 8 12 6 24 0 18 2 11 19 20 8 12 6 24 0 18 7 1 14 15 23 7
19 20 8 11 12 24 0 18 6 2 19 20 8 11 12 24 0 18 6 2 19 20 8 11 12 24 0 18 6 2 19 20 8 11 12 24 0 18 6 2 19 20 8 11 12 24 0 18 6 12 4 15 23 6 12
20 8 11 19 12 0 18 6 24 2 20 8 11 19 12 0 18 6 24 2 20 8 11 19 12 0 18 6 24 2 20 8 11 19 12 0 18 6 24 2 20 8 11 19 12 0 18 6 24 17 0 23 6 14 17
8 11 19 20 12 18 6 24 0 2 8 11 19 20 12 18 6 24 0 2 8 11 19 20 12 18 6 24 0 2 8 11 19 20 12 18 6 24 0 2 8 11 19 20 12 18 6 24 0 22 3 6 14 15 22
2 2 2 2 12 12 12 12 12 8 8 8 8 8 18 18 18 18 18 11 11 11 11 11 6 6 6 6 6 19 19 19 19 19 24 24 24 24 24 20 20 20 20 20 0 0 0 0 0 2 7 7 7 7 7
11 19 20 8 12 6 24 0 18 8 19 2 11 20 18 24 12 6 0 11 8 20 2 19 6 18 0 12 24 19 20 11 8 2 24 0 6 18 12 20 2 8 19 11 0 12 18 24 6 7 6 19 0 13 22
19 20 8 11 12 24 0 18 6 8 2 11 20 19 18 12 6 0 24 11 20 2 19 8 6 0 12 24 18 19 11 8 2 20 24 6 18 12 0 20 8 19 11 2 0 18 24 6 12 12 9 0 13 21 17
20 8 11 19 12 0 18 6 24 8 11 20 19 2 18 6 0 24 12 11 2 19 8 20 6 12 24 18 0 19 8 2 20 11 24 18 12 0 6 20 19 11 2 8 0 24 6 12 18 17 5 13 21 19 2
8 11 19 20 12 18 6 24 0 8 20 19 2 11 18 0 24 12 6 11 19 8 20 2 6 24 18 0 12 19 2 20 11 8 24 12 0 6 18 20 11 2 8 19 0 6 12 18 24 22 8 21 19 0 12
2 2 2 2 12 12 12 12 12 11 11 11 11 11 6 6 6 6 6 19 19 19 19 19 24 24 24 24 24 20 20 20 20 20 0 0 0 0 0 8 8 8 8 8 18 18 18 18 18 2 12 12 12 12 12
11 19 20 8 12 6 24 0 18 11 8 20 2 19 6 18 0 12 24 19 20 11 8 2 24 0 6 18 12 20 2 8 19 11 0 12 18 24 6 8 19 2 11 20 18 24 12 6 0 7 11 9 20 3 17
19 20 8 11 12 24 0 18 6 11 20 2 19 8 6 0 12 24 18 19 11 8 2 20 24 6 18 12 0 20 8 19 11 2 0 18 24 6 12 8 2 11 20 19 18 12 6 0 24 12 14 20 3 16 7
20 8 11 19 12 0 18 6 24 11 2 19 8 20 6 12 24 18 0 19 8 2 20 11 24 18 12 0 6 20 19 11 2 8 0 24 6 12 18 8 11 20 19 2 18 6 0 24 12 17 10 3 16 9 22
8 11 19 20 12 18 6 24 0 11 19 8 20 2 6 24 18 0 12 19 2 20 11 8 24 12 0 6 18 20 11 2 8 19 0 6 12 18 24 8 20 19 2 11 18 0 24 12 6 22 13 16 9 20 2
2 2 2 2 12 12 12 12 12 19 19 19 19 19 24 24 24 24 24 20 20 20 20 20 0 0 0 0 0 8 8 8 8 8 18 18 18 18 18 11 11 11 11 11 6 6 6 6 6 2 17 17 17 17 17
11 19 20 8 12 6 24 0 18 19 20 11 8 2 24 0 6 18 12 20 2 8 19 11 0 12 18 24 6 8 19 2 11 20 18 24 12 6 0 11 8 20 2 19 6 18 0 12 24 7 16 24 10 8 2
19 20 8 11 12 24 0 18 6 19 11 8 2 20 24 6 18 12 0 20 8 19 11 2 0 18 24 6 12 8 2 11 20 19 18 12 6 0 24 11 20 2 19 8 6 0 12 24 18 12 19 10 8 1 22
20 8 11 19 12 0 18 6 24 19 8 2 20 11 24 18 12 0 6 20 19 11 2 8 0 24 6 12 18 8 11 20 19 2 18 6 0 24 12 11 2 19 8 20 6 12 24 18 0 17 15 8 1 24 12
8 11 19 20 12 18 6 24 0 19 2 20 11 8 24 12 0 6 18 20 11 2 8 19 0 6 12 18 24 8 20 19 2 11 18 0 24 12 6 11 19 8 20 2 6 24 18 0 12 22 18 1 24 10 7
2 2 2 2 12 12 12 12 12 20 20 20 20 20 0 0 0 0 0 8 8 8 8 8 18 18 18 18 18 11 11 11 11 11 6 6 6 6 6 19 19 19 19 19 24 24 24 24 24 2 22 22 22 22 22
11 19 20 8 12 6 24 0 18 20 2 8 19 11 0 12 18 24 6 8 19 2 11 20 18 24 12 6 0 11 8 20 2 19 6 18 0 12 24 19 20 11 8 2 24 0 6 18 12 7 21 4 5 18 12
19 20 8 11 12 24 0 18 6 20 8 19 11 2 0 18 24 6 12 8 2 11 20 19 18 12 6 0 24 11 20 2 19 8 6 0 12 24 18 19 11 8 2 20 24 6 18 12 0 12 24 5 18 11 2
20 8 11 19 12 0 18 6 24 20 19 11 2 8 0 24 6 12 18 8 11 20 19 2 18 6 0 24 12 11 2 19 8 20 6 12 24 18 0 19 8 2 20 11 24 18 12 0 6 17 20 18 11 4 7
8 11 19 20 12 18 6 24 0 20 11 2 8 19 0 6 12 18 24 8 20 19 2 11 18 0 24 12 6 11 19 8 20 2 6 24 18 0 12 19 2 20 11 8 24 12 0 6 18 22 23 11 4 5 17
6 6 6 6 15 3 3 3 3 6 6 6 6 6 3 3 3 3 3 6 6 6 6 6 3 3 3 3 3 6 6 6 6 6 3 3 3 3 3 6 6 6 6 6 3 3 3 3 3 2 2 2 2 2 1
18 0 12 24 15 14 17 21 5 6 18 0 12 24 3 14 17 21 5 6 18 0 12 24 3 14 17 21 5 6 18 0 12 24 3 14 17 21 5 6 18 0 12 24 3 14 17 21 5 7 1 14 15 23 6
0 12 24 18 15 17 21 5 14 6 0 12 24 18 3 17 21 5 14 6 0 12 24 18 3 17 21 5 14 6 0 12 24 18 3 17 21 5 14 6 0 12 24 18 3 17 21 5 14 12 4 15 23 6 11
12 24 18 0 15 21 5 14 17 6 12 24 18 0 3 21 5 14 17 6 12 24 18 0 3 21 5 14 17 6 12 24 18 0 3 21 5 14 17 6 12 24 18 0 3 21 5 14 17 17 0 23 6 14 16
24 18 0 12 15 5 14 17 21 6 24 18 0 12 3 5 14 17 21 6 24 18 0 12 3 5 14 17 21 6 24 18 0 12 3 5 14 17 21 6 24 18 0 12 3 5 14 17 21 22 3 6 14 15 21
6 6 6 6 15 3 3 3 3 24 24 24 24 24 5 5 5 5 5 18 18 18 18 18 14 14 14 14 14 0 0 0 0 0 17 17 17 17 17 12 12 12 12 12 21 21 21 21 21 2 7 7 7 7 6
18 0 12 24 15 14 17 21 5 24 0 6 18 12 5 17 3 14 21 18 24 12 6 0 14 5 21 3 17 0 12 18 24 6 17 21 14 5 3 12 6 24 0 18 21 3 5 17 14 7 6 19 0 13 21
0 12 24 18 15 17 21 5 14 24 6 18 12 0 5 3 14 21 17 18 12 6 0 24 14 21 3 17 5 0 18 24 6 12 17 14 5 3 21 12 24 0 18 6 21 5 17 14 3 12 9 0 13 21 16
12 24 18 0 15 21 5 14 17 24 18 12 0 6 5 14 21 17 3 18 6 0 24 12 14 3 17 5 21 0 24 6 12 18 17 5 3 21 14 12 0 18 6 24 21 17 14 3 5 17 5 13 21 19 1
24 18 0 12 15 5 14 17 21 24 12 0 6 18 5 21 17 3 14 18 0 24 12 6 14 17 5 21 3 0 6 12 18 24 17 3 21 14 5 12 18 6 24 0 21 14 3 5 17 22 8 21 19 0 11
6 6 6 6 15 3 3 3 3 18 18 18 18 18 14 14 14 14 14 0 0 0 0 0 17 17 17 17 17 12 12 12 12 12 21 21 21 21 21 24 24 24 24 24 5 5 5 5 5 2 12 12 12 12 11
18 0 12 24 15 14 17 21 5 18 24 12 6 0 14 5 21 3 17 0 12 18 24 6 17 21 14 5 3 12 6 24 0 18 21 3 5 17 14 24 0 6 18 12 5 17 3 14 21 7 11 9 20 3 16
0 12 24 18 15 17 21 5 14 18 12 6 0 24 14 21 3 17 5 0 18 24 6 12 17 14 5 3 21 12 24 0 18 6 21 5 17 14 3 24 6 18 12 0 5 3 14 21 17 12 14 20 3 16 6
12 24 18 0 15 21 5 14 17 18 6 0 24 12 14 3 17 5 21 0 24 6 12 18 17 5 3 21 14 12 0 18 6 24 21 17 14 3 5 24 18 12 0 6 5 14 21 17 3 17 10 3 16 9 21
24 18 0 12 15 5 14 17 21 18 0 24 12 6 14 17 5 21 3 0 6 12 18 24 17 3 21 14 5 12 18 6 24 0 21 14 3 5 17 24 12 0 6 18 5 21 17 3 14 22 13 16 9 20 1
6 6 6 6 15 3 3 3 3 0 0 0 0 0 17 17 17 17 17 12 12 12 12 12 21 21 21 21 21 24 24 24 24 24 5 5 5 5 5 18 18 18 18 18 14 14 14 14 14 2 17 17 17 17 16
18 0 12 24 15 14 17 21 5 0 12 18 24 6 17 21 14 5 3 12 6 24 0 18 21 3 5 17 14 24 0 6 18 12 5 17 3 14 21 18 24 12 6 0 14 5 21 3 17 7 16 24 10 8 1
0 12 24 18 15 17 21 5 14 0 18 24 6 12 17 14 5 3 21 12 24 0 18 6 21 5 17 14 3 24 6 18 12 0 5 3 14 21 17 18 12 6 0 24 14 21 3 17 5 12 19 10 8 1 21
12 24 18 0 15 21 5 14 17 0 24 6 12 18 17 5 3 21 14 12 0 18 6 24 21 17 14 3 5 24 18 12 0 6 5 14 21 17 3 18 6 0 24 12 14 3 17 5 21 17 15 8 1 24 11
24 18 0 12 15 5 14 17 21 0 6 12 18 24 17 3 21 14 5 12 18 6 24 0 21 14 3 5 17 24 12 0 6 18 5 21 17 3 14 18 0 24 12 6 14 17 5 21 3 22 18 1 24 10 6
6 6 6 6 15 3 3 3 3 12 12 12 12 12 21 21 21 21 21 24 24 24 24 24 5 5 5 5 5 18 18 18 18 18 14 14 14 14 14 0 0 0 0 0 17 17 17 17 17 2 22 22 22 22 21
18 0 12 24 15 14 17 21 5 12 6 24 0 18 21 3 5 17 14 24 0 6 18 12 5 17 3 14 21 18 24 12 6 0 14 5 21 3 17 0 12 18 24 6 17 21 14 5 3 7 21 4 5 18 11
0 12 24 18 15 17 21 5 14 12 24 0 18 6 21 5 17 14 3 24 6 18 12 0 5 3 14 21 17 18 12 6 0 24 14 21 3 17 5 0 18 24 6 12 17 14 5 3 21 12 24 5 18 11 1
12 24 18 0 15 21 5 14 17 12 0 18 6 24 21 17 14 3 5 24 18 12 0 6 5 14 21 17 3 18 6 0 24 12 14 3 17 5 21 0 24 6 12 18 17 5 3 21 14 17 20 18 11 4 6
24 18 0 12 15 5 14 17 21 12 18 6 24 0 21 14 3 5 17 24 12 0 6 18 5 21 17 3 14 18 0 24 12 6 14 17 5 21 3 0 6 12 18 24 17 3 21 14 5 22 23 11 4 5 16
14 14 14 14 8 16 16 16 16 14 14 14 14 14 16 16 16 16 16 14 14 14 14 14 16 16 16 16 16 14 14 14 14 14 16 16 16 16 16 14 14 14 14 14 16 16 16 16 16 2 2 2 2 2 4
5 21 3 17 8 23 10 7 4 14 5 21 3 17 16 23 10 7 4 14 5 21 3 17 16 23 10 7 4 14 5 21 3 17 16 23 10 7 4 14 5 21 3 17 16 23 10 7 4 7 1 14 15 23 9
21 3 17 5 8 10 7 4 23 14 21 3 17 5 16 10 7 4 23 14 21 3 17 5 16 10 7 4 23 14 21 3 17 5 16 10 7 4 23 14 21 3 17 5 16 10 7 4 23 12 4 15 23 6 14
3 17 5 21 8 7 4 23 10 14 3 17 5 21 16 7 4 23 10 14 3 17 5 21 16 7 4 23 10 14 3 17 5 21 16 7 4 23 10 14 3 17 5 21 16 7 4 23 10 17 0 23 6 14 19
17 5 21 3 8 4 23 10 7 14 17 5 21 3 16 4 23 10 7 14 17 5 21 3 16 4 23 10 7 14 17 5 21 3 16 4 23 10 7 14 17 5 21 3 16 4 23 10 7 22 3 6 14 15 24
14 14 14 14 8 16 16 16 16 17 17 17 17 17 4 4 4 4 4 5 5 5 5 5 23 23 23 23 23 21 21 21 21 21 10 10 10 10 10 3 3 3 3 3 7 7 7 7 7 2 7 7 7 7 9
5 21 3 17 8 23 10 7 4 17 21 14 5 3 4 10 16 23 7 5 17 3 14 21 23 4 7 16 10 21 3 5 17 14 10 7 23 4 16 3 14 17 21 5 7 16 4 10 23 7 6 19 0 13 24
21 3 17 5 8 10 7 4 23 17 14 5 3 21 4 16 23 7 10 5 3 14 21 17 23 7 16 10 4 21 5 17 14 3 10 23 4 16 7 3 17 21 5 14 7 4 10 23 16 12 9 0 13 21 19
3 17 5 21 8 7 4 23 10 17 5 3 21 14 4 23 7 10 16 5 14 21 17 3 23 16 10 4 7 21 17 14 3 5 10 4 16 7 23 3 21 5 14 17 7 10 23 16 4 17 5 13 21 19 4
17 5 21 3 8 4 23 10 7 17 3 21 14 5 4 7 10 16 23 5 21 17 3 14 23 10 4 7 16 21 14 3 5 17 10 16 7 23 4 3 5 14 17 21 7 23 16 4 10 22 8 21 19 0 14
14 14 14 14 8 16 16 16 16 5 5 5 5 5 23 23 23 23 23 21 21 21 21 21 10 10 10 10 10 3 3 3 3 3 7 7 7 7 7 17 17 17 17 17 4 4 4 4 4 2 12 12 12 12 14
5 21 3 17 8 23 10 7 4 5 17 3 14 21 23 4 7 16 10 21 3 5 17 14 10 7 23 4 16 3 14 17 21 5 7 16 4 10 23 17 21 14 5 3 4 10 16 23 7 7 11 9 20 3 19
21 3 17 5 8 10 7 4 23 5 3 14 21 17 23 7 16 10 4 21 5 17 14 3 10 23 4 16 7 3 17 21 5 14 7 4 10 23 16 17 14 5 3 21 4 16 23 7 10 12 14 20 3 16 9
3 17 5 21 8 7 4 23 10 5 14 21 17 3 23 16 10 4 7 21 17 14 3 5 10 4 16 7 23 3 21 5 14 17 7 10 23 16 4 17 5 3 21 14 4 23 7 10 16 17 10 3 16 9 24
17 5 21 3 8 4 23 10 7 5 21 17 3 14 23 10 4 7 16 21 14 3 5 17 10 16 7 23 4 3 5 14 17 21 7 23 16 4 10 17 3 21 14 5 4 7 10 16 23 22 13 16 9 20 4
14 14 14 14 8 16 16 16 16 21 21 21 21 21 10 10 10 10 10 3 3 3 3 3 7 7 7 7 7 17 17 17 17 17 4 4 4 4 4 5 5 5 5 5 23 23 23 23 23 2 17 17 17 17 19
5 21 3 17 8 23 10 7 4 21 3 5 17 14 10 7 23 4 16 3 14 17 21 5 7 16 4 10 23 17 21 14 5 3 4 10 16 23 7 5 17 3 14 21 23 4 7 16 10 7 16 24 10 8 4
21 3 17 5 8 10 7 4 23 21 5 17 14 3 10 23 4 16 7 3 17 21 5 14 7 4 10 23 16 17 14 5 3 21 4 16 23 7 10 5 3 14 21 17 23 7 16 10 4 12 19 10 8 1 24
3 17 5 21 8 7 4 23 10 21 17 14 3 5 10 4 16 7 23 3 21 5 14 17 7 10 23 16 4 17 5 3 21 14 4 23 7 10 16 5 14 21 17 3 23 16 10 4 7 17 15 8 1 24 14
17 5 21 3 8 4 23 10 7 21 14 3 5 17 10 16 7 23 4 3 5 14 17 21 7 23 16 4 10 17 3 21 14 5 4 7 10 16 23 5 21 17 3 14 23 10 4 7 16 22 18 1 24 10 9
14 14 14 14 8 16 16 16 16 3 3 3 3 3 7 7 7 7 7 17 17 17 17 17 4 4 4 4 4 5 5 5 5 5 23 23 23 23 23 21 21 21 21 21 10 10 10 10 10 2 22 22 22 22 24
5 21 3 17 8 23 10 7 4 3 14 17 21 5 7 16 4 10 23 17 21 14 5 3 4 10 16 23 7 5 17 3 14 21 23 4 7 16 10 21 3 5 17 14 10 7 23 4 16 7 21 4 5 18 14
21 3 17 5 8 10 7 4 23 3 17 21 5 14 7 4 10 23 16 17 14 5 3 21 4 16 23 7 10 5 3 14 21 17 23 7 16 10 4 21 5 17 14 3 10 23 4 16 7 12 24 5 18 11 4
3 17 5 21 8 7 4 23 10 3 21 5 14 17 7 10 23 16 4 17 5 3 21 14 4 23 7 10 16 5 14 21 17 3 23 16 10 4 7 21 17 14 3 5 10 4 16 7 23 17 20 18 11 4 9
17 5 21 3 8 4 23 10 7 3 5 14 17 21 7 23 16 4 10 17 3 21 14 5 4 7 10 16 23 5 21 17 3 14 23 10 4 7 16 21 14 3 5 17 10 16 7 23 4 22 23 11 4 5 19
15 15 15 15 21 9 9 9 9 15 15 15 15 15 9 9 9 9 9 15 15 15 15 15 9 9 9 9 9 15 15 15 15 15 9 9 9 9 9 15 15 15 15 15 9 9 9 9 9 2 2 2 2 2 0
22 13 9 1 21 15 1 13 22 15 22 13 9 1 9 15 1 13 22 15 22 13 9 1 9 15 1 13 22 15 22 13 9 1 9 15 1 13 22 15 22 13 9 1 9 15 1 13 22 7 1 14 15 23 5
13 9 1 22 21 1 13 22 15 15 13 9 1 22 9 1 13 22 15 15 13 9 1 22 9 1 13 22 15 15 13 9 1 22 9 1 13 22 15 15 13 9 1 22 9 1 13 22 15 12 4 15 23 6 10
9 1 22 13 21 13 22 15 1 15 9 1 22 13 9 13 22 15 1 15 9 1 22 13 9 13 22 15 1 15 9 1 22 13 9 13 22 15 1 15 9 1 22 13 9 13 22 15 1 17 0 23 6 14 15
1 22 13 9 21 22 15 1 13 15 1 22 13 9 9 22 15 1 13 15 1 22 13 9 9 22 15 1 13 15 1 22 13 9 9 22 15 1 13 15 1 22 13 9 9 22 15 1 13 22 3 6 14 15 20
15 15 15 15 21 9 9 9 9 1 1 1 1 1 22 22 22 22 22 22 22 22 22 22 15 15 15 15 15 13 13 13 13 13 1 1 1 1 1 9 9 9 9 9 13 13 13 13 13 2 7 7 7 7 5
22 13 9 1 21 15 1 13 22 1 13 15 22 9 22 1 9 15 13 22 1 9 15 13 15 22 13 9 1 13 9 22 1 15 1 13 15 22 9 9 15 1 13 22 13 9 22 1 15 7 6 19 0 13 20
13 9 1 22 21 1 13 22 15 1 15 22 9 13 22 9 15 13 1 22 9 15 13 1 15 13 9 1 22 13 22 1 15 9 1 15 22 9 13 9 1 13 22 15 13 22 1 15 9 12 9 0 13 21 15
9 1 22 13 21 13 22 15 1 1 22 9 13 15 22 15 13 1 9 22 15 13 1 9 15 9 1 22 13 13 1 15 9 22 1 22 9 13 15 9 13 22 15 1 13 1 15 9 22 17 5 13 21 19 0
1 22 13 9 21 22 15 1 13 1 9 13 15 22 22 13 1 9 15 22 13 1 9 15 15 1 22 13 9 13 15 9 22 1 1 9 13 15 22 9 22 15 1 13 13 15 9 22 1 22 8 21 19 0 10
15 15 15 15 21 9 9 9 9 22 22 22 22 22 15 15 15 15 15 13 13 13 13 13 1 1 1 1 1 9 9 9 9 9 13 13 13 13 13 1 1 1 1 1 22 22 22 22 22 2 12 12 12 12 10
22 13 9 1 21 15 1 13 22 22 1 9 15 13 15 22 13 9 1 13 9 22 1 15 1 13 15 22 9 9 15 1 13 22 13 9 22 1 15 1 13 15 22 9 22 1 9 15 13 7 11 9 20 3 15
13 9 1 22 21 1 13 22 15 22 9 15 13 1 15 13 9 1 22 13 22 1 15 9 1 15 22 9 13 9 1 13 22 15 13 22 1 15 9 1 15 22 9 13 22 9 15 13 1 12 14 20 3 16 5
9 1 22 13 21 13 22 15 1 22 15 13 1 9 15 9 1 22 13 13 1 15 9 22 1 22 9 13 15 9 13 22 15 1 13 1 15 9 22 1 22 9 13 15 22 15 13 1 9 17 10 3 16 9 20
1 22 13 9 21 22 15 1 13 22 13 1 9 15 15 1 22 13 9 13 15 9 22 1 1 9 13 15 22 9 22 15 1 13 13 15 9 22 1 1 9 13 15 22 22 13 1 9 15 22 13 16 9 20 0
15 15 15 15 21 9 9 9 9 13 13 13 13 13 1 1 1 1 1 9 9 9 9 9 13 13 13 13 13 1 1 1 1 1 22 22 22 22 22 22 22 22 22 22 15 15 15 15 15 2 17 17 17 17 15
22 13 9 1 21 15 1 13 22 13 9 22 1 15 1 13 15 22 9 9 15 1 13 22 13 9 22 1 15 1 13 15 22 9 22 1 9 15 13 22 1 9 15 13 15 22 13 9 1 7 16 24 10 8 0
13 9 1 22 21 1 13 22 15 13 22 1 15 9 1 15 22 9 13 9 1 13 22 15 13 22 1 15 9 1 15 22 9 13 22 9 15 13 1 22 9 15 13 1 15 13 9 1 22 12 19 10 8 1 20
9 1 22 13 21 13 22 15 1 13 1 15 9 22 1 22 9 13 15 9 13 22 15 1 13 1 15 9 22 1 22 9 13 15 22 15 13 1 9 22 15 13 1 9 15 9 1 22 13 17 15 8 1 24 10
1 22 13 9 21 22 15 1 13 13 15 9 22 1 1 9 13 15 22 9 22 15 1 13 13 15 9 22 1 1 9 13 15 22 22 13 1 9 15 22 13 1 9 15 15 1 22 13 9 22 18 1 24 10 5
15 15 15 15 21 9 9 9 9 9 9 9 9 9 13 13 13 13 13 1 1 1 1 1 22 22 22 22 22 22 22 22 22 22 15 15 15 15 15 13 13 13 13 13 1 1 1 1 1 2 22 22 22 22 20
22 13 9 1 21 15 1 13 22 9 15 1 13 22 13 9 22 1 15 1 13 15 22 9 22 1 9 15 13 22 1 9 15 13 15 22 13 9 1 13 9 22 1 15 1 13 15 22 9 7 21 4 5 18 10
13 9 1 22 21 1 13 22 15 9 1 13 22 15 13 22 1 15 9 1 15 22 9 13 22 9 15 13 1 22 9 15 13 1 15 13 9 1 22 13 22 1 15 9 1 15 22 9 13 12 24 5 18 11 0
9 1 22 13 21 13 22 15 1 9 13 22 15 1 13 1 15 9 22 1 22 9 13 15 22 15 13 1 9 22 15 13 1 9 15 9 1 22 13 13 1 15 9 22 1 22 9 13 15 17 20 18 11 4 5
1 22 13 9 21 22 15 1 13 9 22 15 1 13 13 15 9 22 1 1 9 13 15 22 22 13 1 9 15 22 13 1 9 15 15 1 22 13 9 13 15 9 22 1 1 9 13 15 22 22 23 11 4 5 15
23 23 23 23 4 20 20 20 20 23 23 23 23 23 20 20 20 20 20 23 23 23 23 23 20 20 20 20 20 23 23 23 23 23 20 20 20 20 20 23 23 23 23 23 20 20 20 20 20 2 2 2 2 2 3
4 7 16 10 4 2 8 19 11 23 4 7 16 10 20 2 8 19 11 23 4 7 16 10 20 2 8 19 11 23 4 7 16 10 20 2 8 19 11 23 4 7 16 10 20 2 8 19 11 7 1 14 15 23 8
7 16 10 4 4 8 19 11 2 23 7 16 10 4 20 8 19 11 2 23 7 16 10 4 20 8 19 11 2 23 7 16 10 4 20 8 19 11 2 23 7 16 10 4 20 8 19 11 2 12 4 15 23 6 13
16 10 4 7 4 19 11 2 8 23 16 10 4 7 20 19 11 2 8 23 16 10 4 7 20 19 11 2 8 23 16 10 4 7 20 19 11 2 8 23 16 10 4 7 20 19 11 2 8 17 0 23 6 14 18
10 4 7 16 4 11 2 8 19 23 10 4 7 16 20 11 2 8 19 23 10 4 7 16 20 11 2 8 19 23 10 4 7 16 20 11 2 8 19 23 10 4 7 16 20 11 2 8 19 22 3 6 14 15 23
23 23 23 23 4 20 20 20 20 10 10 10 10 10 11 11 11 11 11 4 4 4 4 4 2 2 2 2 2 7 7 7 7 7 8 8 8 8 8 16 16 16 16 16 19 19 19 19 19 2 7 7 7 7 8
4 7 16 10 4 2 8 19 11 10 7 23 4 16 11 8 20 2 19 4 10 16 23 7 2 11 19 20 8 7 16 4 10 23 8 19 2 11 20 16 23 10 7 4 19 20 11 8 2 7 6 19 0 13 23
7 16 10 4 4 8 19 11 2 10 23 4 16 7 11 20 2 19 8 4 16 23 7 10 2 19 20 8 11 7 4 10 23 16 8 2 11 20 19 16 10 7 4 23 19 11 8 2 20 12 9 0 13 21 18
16 10 4 7 4 19 11 2 8 10 4 16 7 23 11 2 19 8 20 4 23 7 10 16 2 20 8 11 19 7 10 23 16 4 8 11 20 19 2 16 7 4 23 10 19 8 2 20 11 17 5 13 21 19 3
10 4 7 16 4 11 2 8 19 10 16 7 23 4 11 19 8 20 2 4 7 10 16 23 2 8 11 19 20 7 23 16 4 10 8 20 19 2 11 16 4 23 10 7 19 2 20 11 8 22 8 21 19 0 13
23 23 23 23 4 20 20 20 20 4 4 4 4 4 2 2 2 2 2 7 7 7 7 7 8 8 8 8 8 16 16 16 16 16 19 19 19 19 19 10 10 10 10 10 11 11 11 11 11 2 12 12 12 12 13
4 7 16 10 4 2 8 19 11 4 10 16 23 7 2 11 19 20 8 7 16 4 10 23 8 19 2 11 20 16 23 10 7 4 19 20 11 8 2 10 7 23 4 16 11 8 20 2 19 7 11 9 20 3 18
7 16 10 4 4 8 19 11 2 4 16 23 7 10 2 19 20 8 11 7 4 10 23 16 8 2 11 20 19 16 10 7 4 23 19 11 8 2 20 10 23 4 16 7 11 20 2 19 8 12 14 20 3 16 8
16 10 4 7 4 19 11 2 8 4 23 7 10 16 2 20 8 11 19 7 10 23 16 4 8 11 20 19 2 16 7 4 23 10 19 8 2 20 11 10 4 16 7 23 11 2 19 8 20 17 10 3 16 9 23
10 4 7 16 4 11 2 8 19 4 7 10 16 23 2 8 11 19 20 7 23 16 4 10 8 20 19 2 11 16 4 23 10 7 19 2 20 11 8 10 16 7 23 4 11 19 8 20 2 22 13 16 9 20 3
23 23 23 23 4 20 20 20 20 7 7 7 7 7 8 8 8 8 8 16 16 16 16 16 19 19 19 19 19 10 10 10 10 10 11 11 11 11 11 4 4 4 4 4 2 2 2 2 2 2 17 17 17 17 18
4 7 16 10 4 2 8 19 11 7 16 4 10 23 8 19 2 11 20 16 23 10 7 4 19 20 11 8 2 10 7 23 4 16 11 8 20 2 19 4 10 16 23 7 2 11 19 20 8 7 16 24 10 8 3
7 16 10 4 4 8 19 11 2 7 4 10 23 16 8 2 11 20 19 16 10 7 4 23 19 11 8 2 20 10 23 4 16 7 11 20 2 19 8 4 16 23 7 10 2 19 20 8 11 12 19 10 8 1 23
16 10 4 7 4 19 11 2 8 7 10 23 16 4 8 11 20 19 2 16 7 4 23 10 19 8 2 20 11 10 4 16 7 23 11 2 19 8 20 4 23 7 10 16 2 20 8 11 19 17 15 8 1 24 13
10 4 7 16 4 11 2 8 19 7 23 16 4 10 8 20 19 2 11 16 4 23 10 7 19 2 20 11 8 10 16 7 23 4 11 19 8 20 2 4 7 10 16 23 2 8 11 19 20 22 18 1 24 10 8
23 23 23 23 4 20 20 20 20 16 16 16 16 16 19 19 19 19 19 10 10 10 10 10 11 11 11 11 11 4 4 4 4 4 2 2 2 2 2 7 7 7 7 7 8 8 8 8 8 2 22 22 22 22 23
4 7 16 10 4 2 8 19 11 16 23 10 7 4 19 20 11 8 2 10 7 23 4 16 11 8 20 2 19 4 10 16 23 7 2 11 19 20 8 7 16 4 10 23 8 19 2 11 20 7 21 4 5 18 13
7 16 10 4 4 8 19 11 2 16 10 7 4 23 19 11 8 2 20 10 23 4 16 7 11 20 2 19 8 4 16 23 7 10 2 19 20 8 11 7 4 10 23 16 8 2 11 20 19 12 24 5 18 11 3
16 10 4 7 4 19 11 2 8 16 7 4 23 10 19 8 2 20 11 10 4 16 7 23 11 2 19 8 20 4 23 7 10 16 2 20 8 11 19 7 10 23 16 4 8 11 20 19 2 17 20 18 11 4 8
10 4 7 16 4 11 2 8 19 16 4 23 10 7 19 2 20 11 8 10 16 7 23 4 11 19 8 20 2 4 7 10 16 23 2 8 11 19 20 7 23 16 4 10 8 20 19 2 11 22 23 11 4 5 18
3 3 3 3 18 18 18 18 18 3 3 3 3 3 18 18 18 18 18 3 3 3 3 3 18 18 18 18 18 3 3 3 3 3 18 18 18 18 18 3 3 3 3 3 18 18 18 18 18 3 3 3 3 3 3
14 17 21 5 18 24 12 6 0 3 14 17 21 5 18 24 12 6 0 3 14 17 21 5 18 24 12 6 0 3 14 17 21 5 18 24 12 6 0 3 14 17 21 5 18 24 12 6 0 8 4 12 16 20 8
17 21 5 14 18 12 6 0 24 3 17 21 5 14 18 12 6 0 24 3 17 21 5 14 18 12 6 0 24 3 17 21 5 14 18 12 6 0 24 3 17 21 5 14 18 12 6 0 24 13 2 16 20 9 13
21 5 14 17 18 6 0 24 12 3 21 5 14 17 18 6 0 24 12 3 21 5 14 17 18 6 0 24 12 3 21 5 14 17 18 6 0 24 12 3 21 5 14 17 18 6 0 24 12 18 1 20 9 12 18
5 14 17 21 18 0 24 12 6 3 5 14 17 21 18 0 24 12 6 3 5 14 17 21 18 0 24 12 6 3 5 14 17 21 18 0 24 12 6 3 5 14 17 21 18 0 24 12 6 23 0 9 12 16 23
3 3 3 3 18 18 18 18 18 5 5 5 5 5 0 0 0 0 0 14 14 14 14 14 24 24 24 24 24 17 17 17 17 17 12 12 12 12 12 21 21 21 21 21 6 6 6 6 6 3 8 8 8 8 8
14 17 21 5 18 24 12 6 0 5 17 3 14 21 0 12 18 24 6 14 5 21 3 17 24 0 6 18 12 17 21 14 5 3 12 6 24 0 18 21 3 5 17 14 6 18 0 12 24 8 9 17 1 10 23
17 21 5 14 18 12 6 0 24 5 3 14 21 17 0 18 24 6 12 14 21 3 17 5 24 6 18 12 0 17 14 5 3 21 12 24 0 18 6 21 5 17 14 3 6 0 12 24 18 13 7 1 10 24 18
21 5 14 17 18 6 0 24 12 5 14 21 17 3 0 24 6 12 18 14 3 17 5 21 24 18 12 0 6 17 5 3 21 14 12 0 18 6 24 21 17 14 3 5 6 12 24 18 0 18 6 10 24 17 3
5 14 17 21 18 0 24 12 6 5 21 17 3 14 0 6 12 18 24 14 17 5 21 3 24 12 0 6 18 17 3 21 14 5 12 18 6 24 0 21 14 3 5 17 6 24 18 0 12 23 5 24 17 1 13
3 3 3 3 18 18 18 18 18 14 14 14 14 14 24 24 24 24 24 17 17 17 17 17 12 12 12 12 12 21 21 21 21 21 6 6 6 6 6 5 5 5 5 5 0 0 0 0 0 3 13 13 13 13 13
14 17 21 5 18 24 12 6 0 14 5 21 3 17 24 0 6 18 12 17 21 14 5 3 12 6 24 0 18 21 3 5 17 14 6 18 0 12 24 5 17 3 14 21 0 12 18 24 6 8 14 7 21 0 18
17 21 5 14 18 12 6 0 24 14 21 3 17 5 24 6 18 12 0 17 14 5 3 21 12 24 0 18 6 21 5 17 14 3 6 0 12 24 18 5 3 14 21 17 0 18 24 6 12 13 12 21 0 19 8
21 5 14 17 18 6 0 24 12 14 3 17 5 21 24 18 12 0 6 17 5 3 21 14 12 0 18 6 24 21 17 14 3 5 6 12 24 18 0 5 14 21 17 3 0 24 6 12 18 18 11 0 19 7 23
5 14 17 21 18 0 24 12 6 14 17 5 21 3 24 12 0 6 18 17 3 21 14 5 12 18 6 24 0 21 14 3 5 17 6 24 18 0 12 5 21 17 3 14 0 6 12 18 24 23 10 19 7 21 3
3 3 3 3 18 18 18 18 18 17 17 17 17 17 12 12 12 12 12 21 21 21 21 21 6 6 6 6 6 5 5 5 5 5 0 0 0 0 0 14 14 14 14 14 24 24 24 24 24 3 18 18 18 18 18
14 17 21 5 18 24 12 6 0 17 21 14 5 3 12 6 24 0 18 21 3 5 17 14 6 18 0 12 24 5 17 3 14 21 0 12 18 24 6 14 5 21 3 17 24 0 6 18 12 8 19 22 11 5 3
17 21 5 14 18 12 6 0 24 17 14 5 3 21 12 24 0 18 6 21 5 17 14 3 6 0 12 24 18 5 3 14 21 17 0 18 24 6 12 14 21 3 17 5 24 6 18 12 0 13 17 11 5 4 23
21 5 14 17 18 6 0 24 12 17 5 3 21 14 12 0 18 6 24 21 17 14 3 5 6 12 24 18 0 5 14 21 17 3 0 24 6 12 18 14 3 17 5 21 24 18 12 0 6 18 16 5 4 22 13
5 14 17 21 18 0 24 12 6 17 3 21 14 5 12 18 6 24 0 21 14 3 5 17 6 24 18 0 12 5 21 17 3 14 0 6 12 18 24 14 17 5 21 3 24 12 0 6 18 23 15 4 22 11 8
3 3 3 3 18 18 18 18 18 21 21 21 21 21 6 6 6 6 6 5 5 5 5 5 0 0 0 0 0 14 14 14 14 14 24 24 24 24 24 17 17 17 17 17 12 12 12 12 12 3 23 23 23 23 23
14 17 21 5 18 24 12 6 0 21 3 5 17 14 6 18 0 12 24 5 17 3 14 21 0 12 18 24 6 14 5 21 3 17 24 0 6 18 12 17 21 14 5 3 12 6 24 0 18 8 24 2 6 15 13
17 21 5 14 18 12 6 0 24 21 5 17 14 3 6 0 12 24 18 5 3 14 21 17 0 18 24 6 12 14 21 3 17 5 24 6 18 12 0 17 14 5 3 21 12 24 0 18 6 13 22 6 15 14 3
21 5 14 17 18 6 0 24 12 21 17 14 3 5 6 12 24 18 0 5 14 21 17 3 0 24 6 12 18 14 3 17 5 21 24 18 12 0 6 17 5 3 21 14 12 0 18 6 24 18 21 15 14 2 8
5 14 17 21 18 0 24 12 6 21 14 3 5 17 6 24 18 0 12 5 21 17 3 14 0 6 12 18 24 14 17 5 21 3 24 12 0 6 18 17 3 21 14 5 12 18 6 24 0 23 20 14 2 6 18
9 9 9 9 1 5 5 5 5 9 9 9 9 9 5 5 5 5 5 9 9 9 9 9 5 5 5 5 5 9 9 9 9 9 5 5 5 5 5 9 9 9 9 9 5 5 5 5 5 3 3 3 3 3 4
15 1 13 22 1 17 3 14 21 9 15 1 13 22 5 17 3 14 21 9 15 1 13 22 5 17 3 14 21 9 15 1 13 22 5 17 3 14 21 9 15 1 13 22 5 17 3 14 21 8 4 12 16 20 9
1 13 22 15 1 3 14 21 17 9 1 13 22 15 5 3 14 21 17 9 1 13 22 15 5 3 14 21 17 9 1 13 22 15 5 3 14 21 17 9 1 13 22 15 5 3 14 21 17 13 2 16 20 9 14
13 22 15 1 1 14 21 17 3 9 13 22 15 1 5 14 21 17 3 9 13 22 15 1 5 14 21 17 3 9 13 22 15 1 5 14 21 17 3 9 13 22 15 1 5 14 21 17 3 18 1 20 9 12 19
22 15 1 13 1 21 17 3 14 9 22 15 1 13 5 21 17 3 14 9 22 15 1 13 5 21 17 3 14 9 22 15 1 13 5 21 17 3 14 9 22 15 1 13 5 21 17 3 14 23 0 9 12 16 24
9 9 9 9 1 5 5 5 5 22 22 22 22 22 21 21 21 21 21 15 15 15 15 15 17 17 17 17 17 1 1 1 1 1 3 3 3 3 3 13 13 13 13 13 14 14 14 14 14 3 8 8 8 8 9
15 1 13 22 1 17 3 14 21 22 1 9 15 13 21 3 5 17 14 15 22 13 9 1 17 21 14 5 3 1 13 15 22 9 3 14 17 21 5 13 9 22 1 15 14 5 21 3 17 8 9 17 1 10 24
1 13 22 15 1 3 14 21 17 22 9 15 13 1 21 5 17 14 3 15 13 9 1 22 17 14 5 3 21 1 15 22 9 13 3 17 21 5 14 13 22 1 15 9 14 21 3 17 5 13 7 1 10 24 19
13 22 15 1 1 14 21 17 3 22 15 13 1 9 21 17 14 3 5 15 9 1 22 13 17 5 3 21 14 1 22 9 13 15 3 21 5 14 17 13 1 15 9 22 14 3 17 5 21 18 6 10 24 17 4
22 15 1 13 1 21 17 3 14 22 13 1 9 15 21 14 3 5 17 15 1 22 13 9 17 3 21 14 5 1 9 13 15 22 3 5 14 17 21 13 15 9 22 1 14 17 5 21 3 23 5 24 17 1 14
9 9 9 9 1 5 5 5 5 15 15 15 15 15 17 17 17 17 17 1 1 1 1 1 3 3 3 3 3 13 13 13 13 13 14 14 14 14 14 22 22 22 22 22 21 21 21 21 21 3 13 13 13 13 14
15 1 13 22 1 17 3 14 21 15 22 13 9 1 17 21 14 5 3 1 13 15 22 9 3 14 17 21 5 13 9 22 1 15 14 5 21 3 17 22 1 9 15 13 21 3 5 17 14 8 14 7 21 0 19
1 13 22 15 1 3 14 21 17 15 13 9 1 22 17 14 5 3 21 1 15 22 9 13 3 17 21 5 14 13 22 1 15 9 14 21 3 17 5 22 9 15 13 1 21 5 17 14 3 13 12 21 0 19 9
13 22 15 1 1 14 21 17 3 15 9 1 22 13 17 5 3 21 14 1 22 9 13 15 3 21 5 14 17 13 1 15 9 22 14 3 17 5 21 22 15 13 1 9 21 17 14 3 5 18 11 0 19 7 24
22 15 1 13 1 21 17 3 14 15 1 22 13 9 17 3 21 14 5 1 9 13 15 22 3 5 14 17 21 13 15 9 22 1 14 17 5 21 3 22 13 1 9 15 21 14 3 5 17 23 10 19 7 21 4
9 9 9 9 1 5 5 5 5 1 1 1 1 1 3 3 3 3 3 13 13 13 13 13 14 14 14 14 14 22 22 22 22 22 21 21 21 21 21 15 15 15 15 15 17 17 17 17 17 3 18 18 18 18 19
15 1 13 22 1 17 3 14 21 1 13 15 22 9 3 14 17 21 5 13 9 22 1 15 14 5 21 3 17 22 1 9 15 13 21 3 5 17 14 15 22 13 9 1 17 21 14 5 3 8 19 22 11 5 4
1 13 22 15 1 3 14 21 17 1 15 22 9 13 3 17 21 5 14 13 22 1 15 9 14 21 3 17 5 22 9 15 13 1 21 5 17 14 3 15 13 9 1 22 17 14 5 3 21 13 17 11 5 4 24
13 22 15 1 1 14 21 17 3 1 22 9 13 15 3 21 5 14 17 13 1 15 9 22 14 3 17 5 21 22 15 13 1 9 21 17 14 3 5 15 9 1 22 13 17 5 3 21 14 18 16 5 4 22 14
22 15 1 13 1 21 17 3 14 1 9 13 15 22 3 5 14 17 21 13 15 9 22 1 14 17 5 21 3 22 13 1 9 15 21 14 3 5 17 15 1 22 13 9 17 3 21 14 5 23 15 4 22 11 9
9 9 9 9 1 5 5 5 5 13 13 13 13 13 14 14 14 14 14 22 22 22 22 22 21 21 21 21 21 15 15 15 15 15 17 17 17 17 17 1 1 1 1 1 3 3 3 3 3 3 23 23 23 23 24
15 1 13 22 1 17 3 14 21 13 9 22 1 15 14 5 21 3 17 22 1 9 15 13 21 3 5 17 14 15 22 13 9 1 17 21 14 5 3 1 13 15 22 9 3 14 17 21 5 8 24 2 6 15 14
1 13 22 15 1 3 14 21 17 13 22 1 15 9 14 21 3 17 5 22 9 15 13 1 21 5 17 14 3 15 13 9 1 22 17 14 5 3 21 1 15 22 9 13 3 17 21 5 14 13 22 6 15 14 4
13 22 15 1 1 14 21 17 3 13 1 15 9 22 14 3 17 5 21 22 15 13 1 9 21 17 14 3 5 15 9 1 22 13 17 5 3 21 14 1 22 9 13 15 3 21 5 14 17 18 21 15 14 2 9
22 15 1 13 1 21 17 3 14 13 15 9 22 1 14 17 5 21 3 22 13 1 9 15 21 14 3 5 17 15 1 22 13 9 17 3 21 14 5 1 9 13 15 22 3 5 14 17 21 23 20 14 2 6 19
12 12 12 12 20 4 4 4 4 12 12 12 12 12 4 4 4 4 4 12 12 12 12 12 4 4 4 4 4 12 12 12 12 12 4 4 4 4 4 12 12 12 12 12 4 4 4 4 4 3 3 3 3 3 2
6 24 0 18 20 10 16 23 7 12 6 24 0 18 4 10 16 23 7 12 6 24 0 18 4 10 16 23 7 12 6 24 0 18 4 10 16 23 7 12 6 24 0 18 4 10 16 23 7 8 4 12 16 20 7
24 0 18 6 20 16 23 7 10 12 24 0 18 6 4 16 23 7 10 12 24 0 18 6 4 16 23 7 10 12 24 0 18 6 4 16 23 7 10 12 24 0 18 6 4 16 23 7 10 13 2 16 20 9 12
0 18 6 24 20 23 7 10 16 12 0 18 6 24 4 23 7 10 16 12 0 18 6 24 4 23 7 10 16 12 0 18 6 24 4 23 7 10 16 12 0 18 6 24 4 23 7 10 16 18 1 20 9 12 17
18 6 24 0 20 7 10 16 23 12 18 6 24 0 4 7 10 16 23 12 18 6 24 0 4 7 10 16 23 12 18 6 24 0 4 7 10 16 23 12 18 6 24 0 4 7 10 16 23 23 0 9 12 16 22
12 12 12 12 20 4 4 4 4 18 18 18 18 18 7 7 7 7 7 6 6 6 6 6 10 10 10 10 10 24 24 24 24 24 16 16 16 16 16 0 0 0 0 0 23 23 23 23 23 3 8 8 8 8 7
6 24 0 18 20 10 16 23 7 18 24 12 6 0 7 16 4 10 23 6 18 0 12 24 10 7 23 4 16 24 0 6 18 12 16 23 10 7 4 0 12 18 24 6 23 4 7 16 10 8 9 17 1 10 22
24 0 18 6 20 16 23 7 10 18 12 6 0 24 7 4 10 23 16 6 0 12 24 18 10 23 4 16 7 24 6 18 12 0 16 10 7 4 23 0 18 24 6 12 23 7 16 10 4 13 7 1 10 24 17
0 18 6 24 20 23 7 10 16 18 6 0 24 12 7 10 23 16 4 6 12 24 18 0 10 4 16 7 23 24 18 12 0 6 16 7 4 23 10 0 24 6 12 18 23 16 10 4 7 18 6 10 24 17 2
18 6 24 0 20 7 10 16 23 18 0 24 12 6 7 23 16 4 10 6 24 18 0 12 10 16 7 23 4 24 12 0 6 18 16 4 23 10 7 0 6 12 18 24 23 10 4 7 16 23 5 24 17 1 12
12 12 12 12 20 4 4 4 4 6 6 6 6 6 10 10 10 10 10 24 24 24 24 24 16 16 16 16 16 0 0 0 0 0 23 23 23 23 23 18 18 18 18 18 7 7 7 7 7 3 13 13 13 13 12
6 24 0 18 20 10 16 23 7 6 18 0 12 24 10 7 23 4 16 24 0 6 18 12 16 23 10 7 4 0 12 18 24 6 23 4 7 16 10 18 24 12 6 0 7 16 4 10 23 8 14 7 21 0 17
24 0 18 6 20 16 23 7 10 6 0 12 24 18 10 23 4 16 7 24 6 18 12 0 16 10 7 4 23 0 18 24 6 12 23 7 16 10 4 18 12 6 0 24 7 4 10 23 16 13 12 21 0 19 7
0 18 6 24 20 23 7 10 16 6 12 24 18 0 10 4 16 7 23 24 18 12 0 6 16 7 4 23 10 0 24 6 12 18 23 16 10 4 7 18 6 0 24 12 7 10 23 16 4 18 11 0 19 7 22
18 6 24 0 20 7 10 16 23 6 24 18 0 12 10 16 7 23 4 24 12 0 6 18 16 4 23 10 7 0 6 12 18 24 23 10 4 7 16 18 0 24 12 6 7 23 16 4 10 23 10 19 7 21 2
12 12 12 12 20 4 4 4 4 24 24 24 24 24 16 16 16 16 16 0 0 0 0 0 23 23 23 23 23 18 18 18 18 18 7 7 7 7 7 6 6 6 6 6 10 10 10 10 10 3 18 18 18 18 17
6 24 0 18 20 10 16 23 7 24 0 6 18 12 16 23 10 7 4 0 12 18 24 6 23 4 7 16 10 18 24 12 6 0 7 16 4 10 23 6 18 0 12 24 10 7 23 4 16 8 19 22 11 5 2
24 0 18 6 20 16 23 7 10 24 6 18 12 0 16 10 7 4 23 0 18 24 6 12 23 7 16 10 4 18 12 6 0 24 7 4 10 23 16 6 0 12 24 18 10 23 4 16 7 13 17 11 5 4 22
0 18 6 24 20 23 7 10 16 24 18 12 0 6 16 7 4 23 10 0 24 6 12 18 23 16 10 4 7 18 6 0 24 12 7 10 23 16 4 6 12 24 18 0 10 4 16 7 23 18 16 5 4 22 12
18 6 24 0 20 7 10 16 23 24 12 0 6 18 16 4 23 10 7 0 6 12 18 24 23 10 4 7 16 18 0 24 12 6 7 23 16 4 10 6 24 18 0 12 10 16 7 23 4 23 15 4 22 11 7
12 12 12 12 20 4 4 4 4 0 0 0 0 0 23 23 23 23 23 18 18 18 18 18 7 7 7 7 7 6 6 6 6 6 10 10 10 10 10 24 24 24 24 24 16 16 16 16 16 3 23 23 23 23 22
6 24 0 18 20 10 16 23 7 0 12 18 24 6 23 4 7 16 10 18 24 12 6 0 7 16 4 10 23 6 18 0 12 24 10 7 23 4 16 24 0 6 18 12 16 23 10 7 4 8 24 2 6 15 12
24 0 18 6 20 16 23 7 10 0 18 24 6 12 23 7 16 10 4 18 12 6 0 24 7 4 10 23 16 6 0 12 24 18 10 23 4 16 7 24 6 18 12 0 16 10 7 4 23 13 22 6 15 14 2
0 18 6 24 20 23 7 10 16 0 24 6 12 18 23 16 10 4 7 18 6 0 24 12 7 10 23 16 4 6 12 24 18 0 10 4 16 7 23 24 18 12 0 6 16 7 4 23 10 18 21 15 14 2 7
18 6 24 0 20 7 10 16 23 0 6 12 18 24 23 10 4 7 16 18 0 24 12 6 7 23 16 4 10 6 24 18 0 12 10 16 7 23 4 24 12 0 6 18 16 4 23 10 7 23 20 14 2 6 17
16 16 16 16 14 22 22 22 22 16 16 16 16 16 22 22 22 22 22 16 16 16 16 16 22 22 22 22 22 16 16 16 16 16 22 22 22 22 22 16 16 16 16 16 22 22 22 22 22 3 3 3 3 3 1
23 10 7 4 14 1 9 15 13 16 23 10 7 4 22 1 9 15 13 16 23 10 7 4 22 1 9 15 13 16 23 10 7 4 22 1 9 15 13 16 23 10 7 4 22 1 9 15 13 8 4 12 16 20 6
10 7 4 23 14 9 15 13 1 16 10 7 4 23 22 9 15 13 1 16 10 7 4 23 22 9 15 13 1 16 10 7 4 23 22 9 15 13 1 16 10 7 4 23 22 9 15 13 1 13 2 16 20 9 11
7 4 23 10 14 15 13 1 9 16 7 4 23 10 22 15 13 1 9 16 7 4 23 10 22 15 13 1 9 16 7 4 23 10 22 15 13 1 9 16 7 4 23 10 22 15 13 1 9 18 1 20 9 12 16
4 23 10 7 14 13 1 9 15 16 4 23 10 7 22 13 1 9 15 16 4 23 10 7 22 13 1 9 15 16 4 23 10 7 22 13 1 9 15 16 4 23 10 7 22 13 1 9 15 23 0 9 12 16 21
16 16 16 16 14 22 22 22 22 4 4 4 4 4 13 13 13 13 13 23 23 23 23 23 1 1 1 1 1 10 10 10 10 10 9 9 9 9 9 7 7 7 7 7 15 15 15 15 15 3 8 8 8 8 6
23 10 7 4 14 1 9 15 13 4 10 16 23 7 13 9 22 1 15 23 4 7 16 10 1 13 15 22 9 10 7 23 4 16 9 15 1 13 22 7 16 4 10 23 15 22 13 9 1 8 9 17 1 10 21
10 7 4 23 14 9 15 13 1 4 16 23 7 10 13 22 1 15 9 23 7 16 10 4 1 15 22 9 13 10 23 4 16 7 9 1 13 22 15 7 4 10 23 16 15 13 9 1 22 13 7 1 10 24 16
7 4 23 10 14 15 13 1 9 4 23 7 10 16 13 1 15 9 22 23 16 10 4 7 1 22 9 13 15 10 4 16 7 23 9 13 22 15 1 7 10 23 16 4 15 9 1 22 13 18 6 10 24 17 1
4 23 10 7 14 13 1 9 15 4 7 10 16 23 13 15 9 22 1 23 10 4 7 16 1 9 13 15 22 10 16 7 23 4 9 22 15 1 13 7 23 16 4 10 15 1 22 13 9 23 5 24 17 1 11
16 16 16 16 14 22 22 22 22 23 23 23 23 23 1 1 1 1 1 10 10 10 10 10 9 9 9 9 9 7 7 7 7 7 15 15 15 15 15 4 4 4 4 4 13 13 13 13 13 3 13 13 13 13 11
23 10 7 4 14 1 9 15 13 23 4 7 16 10 1 13 15 22 9 10 7 23 4 16 9 15 1 13 22 7 16 4 10 23 15 22 13 9 1 4 10 16 23 7 13 9 22 1 15 8 14 7 21 0 16
10 7 4 23 14 9 15 13 1 23 7 16 10 4 1 15 22 9 13 10 23 4 16 7 9 1 13 22 15 7 4 10 23 16 15 13 9 1 22 4 16 23 7 10 13 22 1 15 9 13 12 21 0 19 6
7 4 23 10 14 15 13 1 9 23 16 10 4 7 1 22 9 13 15 10 4 16 7 23 9 13 22 15 1 7 10 23 16 4 15 9 1 22 13 4 23 7 10 16 13 1 15 9 22 18 11 0 19 7 21
4 23 10 7 14 13 1 9 15 23 10 4 7 16 1 9 13 15 22 10 16 7 23 4 9 22 15 1 13 7 23 16 4 10 15 1 22 13 9 4 7 10 16 23 13 15 9 22 1 23 10 19 7 21 1
16 16 16 16 14 22 22 22 22 10 10 10 10 10 9 9 9 9 9 7 7 7 7 7 15 15 15 15 15 4 4 4 4 4 13 13 13 13 13 23 23 23 23 23 1 1 1 1 1 3 18 18 18 18 16
23 10 7 4 14 1 9 15 13 10 7 23 4 16 9 15 1 13 22 7 16 4 10 23 15 22 13 9 1 4 10 16 23 7 13 9 22 1 15 23 4 7 16 10 1 13 15 22 9 8 19 22 11 5 1
10 7 4 23 14 9 15 13 1 10 23 4 16 7 9 1 13 22 15 7 4 10 23 16 15 13 9 1 22 4 16 23 7 10 13 22 1 15 9 23 7 16 10 4 1 15 22 9 13 13 17 11 5 4 21
7 4 23 10 14 15 13 1 9 10 4 16 7 23 9 13 22 15 1 7 10 23 16 4 15 9 1 22 13 4 23 7 10 16 13 1 15 9 22 23 16 10 4 7 1 22 9 13 15 18 16 5 4 22 11
4 23 10 7 14 13 1 9 15 10 16 7 23 4 9 22 15 1 13 7 23 16 4 10 15 1 22 13 9 4 7 10 16 23 13 15 9 22 1 23 10 4 7 16 1 9 13 15 22 23 15 4 22 11 6
16 16 16 16 14 22 22 22 22 7 7 7 7 7 15 15 15 15 15 4 4 4 4 4 13 13 13 13 13 23 23 23 23 23 1 1 1 1 1 10 10 10 10 10 9 9 9 9 9 3 23 23 23 23 21
23 10 7 4 14 1 9 15 13 7 16 4 10 23 15 22 13 9 1 4 10 16 23 7 13 9 22 1 15 23 4 7 16 10 1 13 15 22 9 10 7 23 4 16 9 15 1 13 22 8 24 2 6 15 11
10 7 4 23 14 9 15 13 1 7 4 10 23 16 15 13 9 1 22 4 16 23 7 10 13 22 1 15 9 23 7 16 10 4 1 15 22 9 13 10 23 4 16 7 9 1 13 22 15 13 22 6 15 14 1
7 4 23 10 14 15 13 1 9 7 10 23 16 4 15 9 1 22 13 4 23 7 10 16 13 1 15 9 22 23 16 10 4 7 1 22 9 13 15 10 4 16 7 23 9 13 22 15 1 18 21 15 14 2 6
4 23 10 7 14 13 1 9 15 7 23 16 4 10 15 1 22 13 9 4 7 10 16 23 13 15 9 22 1 23 10 4 7 16 1 9 13 15 22 10 16 7 23 4 9 22 15 1 13 23 20 14 2 6 16
20 20 20 20 7 11 11 11 11 20 20 20 20 20 11 11 11 11 11 20 20 20 20 20 11 11 11 11 11 20 20 20 20 20 11 11 11 11 11 20 20 20 20 20 11 11 11 11 11 3 3 3 3 3 0
2 8 19 11 7 8 20 2 19 20 2 8 19 11 11 8 20 2 19 20 2 8 19 11 11 8 20 2 19 20 2 8 19 11 11 8 20 2 19 20 2 8 19 11 11 8 20 2 19 8 4 12 16 20 5
8 19 11 2 7 20 2 19 8 20 8 19 11 2 11 20 2 19 8 20 8 19 11 2 11 20 2 19 8 20 8 19 11 2 11 20 2 19 8 20 8 19 11 2 11 20 2 19 8 13 2 16 20 9 10
19 11 2 8 7 2 19 8 20 20 19 11 2 8 11 2 19 8 20 20 19 11 2 8 11 2 19 8 20 20 19 11 2 8 11 2 19 8 20 20 19 11 2 8 11 2 19 8 20 18 1 20 9 12 15
11 2 8 19 7 19 8 20 2 20 11 2 8 19 11 19 8 20 2 20 11 2 8 19 11 19 8 20 2 20 11 2 8 19 11 19 8 20 2 20 11 2 8 19 11 19 8 20 2 23 0 9 12 16 20
20 20 20 20 7 11 11 11 11 11 11 11 11 11 19 19 19 19 19 2 2 2 2 2 8 8 8 8 8 8 8 8 8 8 20 20 20 20 20 19 19 19 19 19 2 2 2 2 2 3 8 8 8 8 5
2 8 19 11 7 8 20 2 19 11 8 20 2 19 19 20 11 8 2 2 11 19 20 8 8 19 2 11 20 8 19 2 11 20 20 2 8 19 11 19 20 11 8 2 2 11 19 20 8 8 9 17 1 10 20
8 19 11 2 7 20 2 19 8 11 20 2 19 8 19 11 8 2 20 2 19 20 8 11 8 2 11 20 19 8 2 11 20 19 20 8 19 11 2 19 11 8 2 20 2 19 20 8 11 13 7 1 10 24 15
19 11 2 8 7 2 19 8 20 11 2 19 8 20 19 8 2 20 11 2 20 8 11 19 8 11 20 19 2 8 11 20 19 2 20 19 11 2 8 19 8 2 20 11 2 20 8 11 19 18 6 10 24 17 0
11 2 8 19 7 19 8 20 2 11 19 8 20 2 19 2 20 11 8 2 8 11 19 20 8 20 19 2 11 8 20 19 2 11 20 11 2 8 19 19 2 20 11 8 2 8 11 19 20 23 5 24 17 1 10
20 20 20 20 7 11 11 11 11 2 2 2 2 2 8 8 8 8 8 8 8 8 8 8 20 20 20 20 20 19 19 19 19 19 2 2 2 2 2 11 11 11 11 11 19 19 19 19 19 3 13 13 13 13 10
2 8 19 11 7 8 20 2 19 2 11 19 20 8 8 19 2 11 20 8 19 2 11 20 20 2 8 19 11 19 20 11 8 2 2 11 19 20 8 11 8 20 2 19 19 20 11 8 2 8 14 7 21 0 15
8 19 11 2 7 20 2 19 8 2 19 20 8 11 8 2 11 20 19 8 2 11 20 19 20 8 19 11 2 19 11 8 2 20 2 19 20 8 11 11 20 2 19 8 19 11 8 2 20 13 12 21 0 19 5
19 11 2 8 7 2 19 8 20 2 20 8 11 19 8 11 20 19 2 8 11 20 19 2 20 19 11 2 8 19 8 2 20 11 2 20 8 11 19 11 2 19 8 20 19 8 2 20 11 18 11 0 19 7 20
11 2 8 19 7 19 8 20 2 2 8 11 19 20 8 20 19 2 11 8 20 19 2 11 20 11 2 8 19 19 2 20 11 8 2 8 11 19 20 11 19 8 20 2 19 2 20 11 8 23 10 19 7 21 0
20 20 20 20 7 11 11 11 11 8 8 8 8 8 20 20 20 20 20 19 19 19 19 19 2 2 2 2 2 11 11 11 11 11 19 19 19 19 19 2 2 2 2 2 8 8 8 8 8 3 18 18 18 18 15
2 8 19 11 7 8 20 2 19 8 19 2 11 20 20 2 8 19 11 19 20 11 8 2 2 11 19 20 8 11 8 20 2 19 19 20 11 8 2 2 11 19 20 8 8 19 2 11 20 8 19 22 11 5 0
8 19 11 2 7 20 2 19 8 8 2 11 20 19 20 8 19 11 2 19 11 8 2 20 2 19 20 8 11 11 20 2 19 8 19 11 8 2 20 2 19 20 8 11 8 2 11 20 19 13 17 11 5 4 20
19 11 2 8 7 2 19 8 20 8 11 20 19 2 20 19 11 2 8 19 8 2 20 11 2 20 8 11 19 11 2 19 8 20 19 8 2 20 11 2 20 8 11 19 8 11 20 19 2 18 16 5 4 22 10
11 2 8 19 7 19 8 20 2 8 20 19 2 11 20 11 2 8 19 19 2 20 11 8 2 8 11 19 20 11 19 8 20 2 19 2 20 11 8 2 8 11 19 20 8 20 19 2 11 23 15 4 22 11 5
20 20 20 20 7 11 11 11 11 19 19 19 19 19 2 2 2 2 2 11 11 11 11 11 19 19 19 19 19 2 2 2 2 2 8 8 8 8 8 8 8 8 8 8 20 20 20 20 20 3 23 23 23 23 20
2 8 19 11 7 8 20 2 19 19 20 11 8 2 2 11 19 20 8 11 8 20 2 19 19 20 11 8 2 2 11 19 20 8 8 19 2 11 20 8 19 2 11 20 20 2 8 19 11 8 24 2 6 15 10
8 19 11 2 7 20 2 19 8 19 11 8 2 20 2 19 20 8 11 11 20 2 19 8 19 11 8 2 20 2 19 20 8 11 8 2 11 20 19 8 2 11 20 19 20 8 19 11 2 13 22 6 15 14 0
19 11 2 8 7 2 19 8 20 19 8 2 20 11 2 20 8 11 19 11 2 19 8 20 19 8 2 20 11 2 20 8 11 19 8 11 20 19 2 8 11 20 19 2 20 19 11 2 8 18 21 15 14 2 5
11 2 8 19 7 19 8 20 2 19 2 20 11 8 2 8 11 19 20 11 19 8 20 2 19 2 20 11 8 2 8 11 19 20 8 20 19 2 11 8 20 19 2 11 20 11 2 8 19 23 20 14 2 6 15
4 4 4 4 24 24 24 24 24 4 4 4 4 4 24 24 24 24 24 4 4 4 4 4 24 24 24 24 24 4 4 4 4 4 24 24 24 24 24 4 4 4 4 4 24 24 24 24 24 4 4 4 4 4 4
10 16 23 7 24 0 6 18 12 4 10 16 23 7 24 0 6 18 12 4 10 16 23 7 24 0 6 18 12 4 10 16 23 7 24 0 6 18 12 4 10 16 23 7 24 0 6 18 12 9 0 11 18 22 9
16 23 7 10 24 6 18 12 0 4 16 23 7 10 24 6 18 12 0 4 16 23 7 10 24 6 18 12 0 4 16 23 7 10 24 6 18 12 0 4 16 23 7 10 24 6 18 12 0 14 1 18 22 5 14
23 7 10 16 24 18 12 0 6 4 23 7 10 16 24 18 12 0 6 4 23 7 10 16 24 18 12 0 6 4 23 7 10 16 24 18 12 0 6 4 23 7 10 16 24 18 12 0 6 19 3 22 5 11 19
7 10 16 23 24 12 0 6 18 4 7 10 16 23 24 12 0 6 18 4 7 10 16 23 24 12 0 6 18 4 7 10 16 23 24 12 0 6 18 4 7 10 16 23 24 12 0 6 18 24 2 5 11 18 24
4 4 4 4 24 24 24 24 24 7 7 7 7 7 12 12 12 12 12 10 10 10 10 10 0 0 0 0 0 16 16 16 16 16 6 6 6 6 6 23 23 23 23 23 18 18 18 18 18 4 9 9 9 9 9
10 16 23 7 24 0 6 18 12 7 16 4 10 23 12 6 24 0 18 10 7 23 4 16 0 12 18 24 6 16 23 10 7 4 6 18 0 12 24 23 4 7 16 10 18 24 12 6 0 9 5 16 3 12 24
16 23 7 10 24 6 18 12 0 7 4 10 23 16 12 24 0 18 6 10 23 4 16 7 0 18 24 6 12 16 10 7 4 23 6 0 12 24 18 23 7 16 10 4 18 12 6 0 24 14 6 3 12 20 19
23 7 10 16 24 18 12 0 6 7 10 23 16 4 12 0 18 6 24 10 4 16 7 23 0 24 6 12 18 16 7 4 23 10 6 12 24 18 0 23 16 10 4 7 18 6 0 24 12 19 8 12 20 16 4
7 10 16 23 24 12 0 6 18 7 23 16 4 10 12 18 6 24 0 10 16 7 23 4 0 6 12 18 24 16 4 23 10 7 6 24 18 0 12 23 10 4 7 16 18 0 24 12 6 24 7 20 16 3 14
4 4 4 4 24 24 24 24 24 10 10 10 10 10 0 0 0 0 0 16 16 16 16 16 6 6 6 6 6 23 23 23 23 23 18 18 18 18 18 7 7 7 7 7 12 12 12 12 12 4 14 14 14 14 14
10 16 23 7 24 0 6 18 12 10 7 23 4 16 0 12 18 24 6 16 23 10 7 4 6 18 0 12 24 23 4 7 16 10 18 24 12 6 0 7 16 4 10 23 12 6 24 0 18 9 10 6 23 2 19
16 23 7 10 24 6 18 12 0 10 23 4 16 7 0 18 24 6 12 16 10 7 4 23 6 0 12 24 18 23 7 16 10 4 18 12 6 0 24 7 4 10 23 16 12 24 0 18 6 14 11 23 2 15 9
23 7 10 16 24 18 12 0 6 10 4 16 7 23 0 24 6 12 18 16 7 4 23 10 6 12 24 18 0 23 16 10 4 7 18 6 0 24 12 7 10 23 16 4 12 0 18 6 24 19 13 2 15 6 24
7 10 16 23 24 12 0 6 18 10 16 7 23 4 0 6 12 18 24 16 4 23 10 7 6 24 18 0 12 23 10 4 7 16 18 0 24 12 6 7 23 16 4 10 12 18 6 24 0 24 12 15 6 23 4
4 4 4 4 24 24 24 24 24 16 16 16 16 16 6 6 6 6 6 23 23 23 23 23 18 18 18 18 18 7 7 7 7 7 12 12 12 12 12 10 10 10 10 10 0 0 0 0 0 4 19 19 19 19 19
10 16 23 7 24 0 6 18 12 16 23 10 7 4 6 18 0 12 24 23 4 7 16 10 18 24 12 6 0 7 16 4 10 23 12 6 24 0 18 10 7 23 4 16 0 12 18 24 6 9 15 21 13 7 4
16 23 7 10 24 6 18 12 0 16 10 7 4 23 6 0 12 24 18 23 7 16 10 4 18 12 6 0 24 7 4 10 23 16 12 24 0 18 6 10 23 4 16 7 0 18 24 6 12 14 16 13 7 0 24
23 7 10 16 24 18 12 0 6 16 7 4 23 10 6 12 24 18 0 23 16 10 4 7 18 6 0 24 12 7 10 23 16 4 12 0 18 6 24 10 4 16 7 23 0 24 6 12 18 19 18 7 0 21 14
7 10 16 23 24 12 0 6 18 16 4 23 10 7 6 24 18 0 12 23 10 4 7 16 18 0 24 12 6 7 23 16 4 10 12 18 6 24 0 10 16 7 23 4 0 6 12 18 24 24 17 0 21 13 9
4 4 4 4 24 24 24 24 24 23 23 23 23 23 18 18 18 18 18 7 7 7 7 7 12 12 12 12 12 10 10 10 10 10 0 0 0 0 0 16 16 16 16 16 6 6 6 6 6 4 24 24 24 24 24
10 16 23 7 24 0 6 18 12 23 4 7 16 10 18 24 12 6 0 7 16 4 10 23 12 6 24 0 18 10 7 23 4 16 0 12 18 24 6 16 23 10 7 4 6 18 0 12 24 9 20 1 8 17 14
16 23 7 10 24 6 18 12 0 23 7 16 10 4 18 12 6 0 24 7 4 10 23 16 12 24 0 18 6 10 23 4 16 7 0 18 24 6 12 16 10 7 4 23 6 0 12 24 18 14 21 8 17 10 4
23 7 10 16 24 18 12 0 6 23 16 10 4 7 18 6 0 24 12 7 10 23 16 4 12 0 18 6 24 10 4 16 7 23 0 24 6 12 18 16 7 4 23 10 6 12 24 18 0 19 23 17 10 1 9
7 10 16 23 24 12 0 6 18 23 10 4 7 16 18 0 24 12 6 7 23 16 4 10 12 18 6 24 0 10 16 7 23 4 0 6 12 18 24 16 4 23 10 7 6 24 18 0 12 24 22 10 1 8 19
5 5 5 5 13 17 17 17 17 5 5 5 5 5 17 17 17 17 17 5 5 5 5 5 17 17 17 17 17 5 5 5 5 5 17 17 17 17 17 5 5 5 5 5 17 17 17 17 17 4 4 4 4 4 0
17 3 14 21 13 21 14 5 3 5 17 3 14 21 17 21 14 5 3 5 17 3 14 21 17 21 14 5 3 5 17 3 14 21 17 21 14 5 3 5 17 3 14 21 17 21 14 5 3 9 0 11 18 22 5
3 14 21 17 13 14 5 3 21 5 3 14 21 17 17 14 5 3 21 5 3 14 21 17 17 14 5 3 21 5 3 14 21 17 17 14 5 3 21 5 3 14 21 17 17 14 5 3 21 14 1 18 22 5 10
14 21 17 3 13 5 3 21 14 5 14 21 17 3 17 5 3 21 14 5 14 21 17 3 17 5 3 21 14 5 14 21 17 3 17 5 3 21 14 5 14 21 17 3 17 5 3 21 14 19 3 22 5 11 15
21 17 3 14 13 3 21 14 5 5 21 17 3 14 17 3 21 14 5 5 21 17 3 14 17 3 21 14 5 5 21 17 3 14 17 3 21 14 5 5 21 17 3 14 17 3 21 14 5 24 2 5 11 18 20
5 5 5 5 13 17 17 17 17 21 21 21 21 21 3 3 3 3 3 17 17 17 17 17 21 21 21 21 21 3 3 3 3 3 14 14 14 14 14 14 14 14 14 14 5 5 5 5 5 4 9 9 9 9 5
17 3 14 21 13 21 14 5 3 21 3 5 17 14 3 14 17 21 5 17 21 14 5 3 21 3 5 17 14 3 14 17 21 5 14 5 21 3 17 14 5 21 3 17 5 17 3 14 21 9 5 16 3 12 20
3 14 21 17 13 14 5 3 21 21 5 17 14 3 3 17 21 5 14 17 14 5 3 21 21 5 17 14 3 3 17 21 5 14 14 21 3 17 5 14 21 3 17 5 5 3 14 21 17 14 6 3 12 20 15
14 21 17 3 13 5 3 21 14 21 17 14 3 5 3 21 5 14 17 17 5 3 21 14 21 17 14 3 5 3 21 5 14 17 14 3 17 5 21 14 3 17 5 21 5 14 21 17 3 19 8 12 20 16 0
21 17 3 14 13 3 21 14 5 21 14 3 5 17 3 5 14 17 21 17 3 21 14 5 21 14 3 5 17 3 5 14 17 21 14 17 5 21 3 14 17 5 21 3 5 21 17 3 14 24 7 20 16 3 10
5 5 5 5 13 17 17 17 17 17 17 17 17 17 21 21 21 21 21 3 3 3 3 3 14 14 14 14 14 14 14 14 14 14 5 5 5 5 5 21 21 21 21 21 3 3 3 3 3 4 14 14 14 14 10
17 3 14 21 13 21 14 5 3 17 21 14 5 3 21 3 5 17 14 3 14 17 21 5 14 5 21 3 17 14 5 21 3 17 5 17 3 14 21 21 3 5 17 14 3 14 17 21 5 9 10 6 23 2 15
3 14 21 17 13 14 5 3 21 17 14 5 3 21 21 5 17 14 3 3 17 21 5 14 14 21 3 17 5 14 21 3 17 5 5 3 14 21 17 21 5 17 14 3 3 17 21 5 14 14 11 23 2 15 5
14 21 17 3 13 5 3 21 14 17 5 3 21 14 21 17 14 3 5 3 21 5 14 17 14 3 17 5 21 14 3 17 5 21 5 14 21 17 3 21 17 14 3 5 3 21 5 14 17 19 13 2 15 6 20
21 17 3 14 13 3 21 14 5 17 3 21 14 5 21 14 3 5 17 3 5 14 17 21 14 17 5 21 3 14 17 5 21 3 5 21 17 3 14 21 14 3 5 17 3 5 14 17 21 24 12 15 6 23 0
5 5 5 5 13 17 17 17 17 3 3 3 3 3 14 14 14 14 14 14 14 14 14 14 5 5 5 5 5 21 21 21 21 21 3 3 3 3 3 17 17 17 17 17 21 21 21 21 21 4 19 19 19 19 15
17 3 14 21 13 21 14 5 3 3 14 17 21 5 14 5 21 3 17 14 5 21 3 17 5 17 3 14 21 21 3 5 17 14 3 14 17 21 5 17 21 14 5 3 21 3 5 17 14 9 15 21 13 7 0
3 14 21 17 13 14 5 3 21 3 17 21 5 14 14 21 3 17 5 14 21 3 17 5 5 3 14 21 17 21 5 17 14 3 3 17 21 5 14 17 14 5 3 21 21 5 17 14 3 14 16 13 7 0 20
14 21 17 3 13 5 3 21 14 3 21 5 14 17 14 3 17 5 21 14 3 17 5 21 5 14 21 17 3 21 17 14 3 5 3 21 5 14 17 17 5 3 21 14 21 17 14 3 5 19 18 7 0 21 10
21 17 3 14 13 3 21 14 5 3 5 14 17 21 14 17 5 21 3 14 17 5 21 3 5 21 17 3 14 21 14 3 5 17 3 5 14 17 21 17 3 21 14 5 21 14 3 5 17 24 17 0 21 13 5
5 5 5 5 13 17 17 17 17 14 14 14 14 14 5 5 5 5 5 21 21 21 21 21 3 3 3 3 3 17 17 17 17 17 21 21 21 21 21 3 3 3 3 3 14 14 14 14 14 4 24 24 24 24 20
17 3 14 21 13 21 14 5 3 14 5 21 3 17 5 17 3 14 21 21 3 5 17 14 3 14 17 21 5 17 21 14 5 3 21 3 5 17 14 3 14 17 21 5 14 5 21 3 17 9 20 1 8 17 10
3 14 21 17 13 14 5 3 21 14 21 3 17 5 5 3 14 21 17 21 5 17 14 3 3 17 21 5 14 17 14 5 3 21 21 5 17 14 3 3 17 21 5 14 14 21 3 17 5 14 21 8 17 10 0
14 21 17 3 13 5 3 21 14 14 3 17 5 21 5 14 21 17 3 21 17 14 3 5 3 21 5 14 17 17 5 3 21 14 21 17 14 3 5 3 21 5 14 17 14 3 17 5 21 19 23 17 10 1 5
21 17 3 14 13 3 21 14 5 14 17 5 21 3 5 21 17 3 14 21 14 3 5 17 3 5 14 17 21 17 3 21 14 5 21 14 3 5 17 3 5 14 17 21 14 17 5 21 3 24 22 10 1 8 15
11 11 11 11 2 10 10 10 10 11 11 11 11 11 10 10 10 10 10 11 11 11 11 11 10 10 10 10 10 11 11 11 11 11 10 10 10 10 10 11 11 11 11 11 10 10 10 10 10 4 4 4 4 4 1
8 20 2 19 2 7 23 4 16 11 8 20 2 19 10 7 23 4 16 11 8 20 2 19 10 7 23 4 16 11 8 20 2 19 10 7 23 4 16 11 8 20 2 19 10 7 23 4 16 9 0 11 18 22 6
20 2 19 8 2 23 4 16 7 11 20 2 19 8 10 23 4 16 7 11 20 2 19 8 10 23 4 16 7 11 20 2 19 8 10 23 4 16 7 11 20 2 19 8 10 23 4 16 7 14 1 18 22 5 11
2 19 8 20 2 4 16 7 23 11 2 19 8 20 10 4 16 7 23 11 2 19 8 20 10 4 16 7 23 11 2 19 8 20 10 4 16 7 23 11 2 19 8 20 10 4 16 7 23 19 3 22 5 11 16
19 8 20 2 2 16 7 23 4 11 19 8 20 2 10 16 7 23 4 11 19 8 20 2 10 16 7 23 4 11 19 8 20 2 10 16 7 23 4 11 19 8 20 2 10 16 7 23 4 24 2 5 11 18 21
11 11 11 11 2 10 10 10 10 19 19 19 19 19 16 16 16 16 16 8 8 8 8 8 7 7 7 7 7 20 20 20 20 20 23 23 23 23 23 2 2 2 2 2 4 4 4 4 4 4 9 9 9 9 6
8 20 2 19 2 7 23 4 16 19 20 11 8 2 16 23 10 7 4 8 19 2 11 20 7 16 4 10 23 20 2 8 19 11 23 4 7 16 10 2 11 19 20 8 4 10 16 23 7 9 5 16 3 12 21
20 2 19 8 2 23 4 16 7 19 11 8 2 20 16 10 7 4 23 8 2 11 20 19 7 4 10 23 16 20 8 19 11 2 23 7 16 10 4 2 19 20 8 11 4 16 23 7 10 14 6 3 12 20 16
2 19 8 20 2 4 16 7 23 19 8 2 20 11 16 7 4 23 10 8 11 20 19 2 7 10 23 16 4 20 19 11 2 8 23 16 10 4 7 2 20 8 11 19 4 23 7 10 16 19 8 12 20 16 1
19 8 20 2 2 16 7 23 4 19 2 20 11 8 16 4 23 10 7 8 20 19 2 11 7 23 16 4 10 20 11 2 8 19 23 10 4 7 16 2 8 11 19 20 4 7 10 16 23 24 7 20 16 3 11
11 11 11 11 2 10 10 10 10 8 8 8 8 8 7 7 7 7 7 20 20 20 20 20 23 23 23 23 23 2 2 2 2 2 4 4 4 4 4 19 19 19 19 19 16 16 16 16 16 4 14 14 14 14 11
8 20 2 19 2 7 23 4 16 8 19 2 11 20 7 16 4 10 23 20 2 8 19 11 23 4 7 16 10 2 11 19 20 8 4 10 16 23 7 19 20 11 8 2 16 23 10 7 4 9 10 6 23 2 16
20 2 19 8 2 23 4 16 7 8 2 11 20 19 7 4 10 23 16 20 8 19 11 2 23 7 16 10 4 2 19 20 8 11 4 16 23 7 10 19 11 8 2 20 16 10 7 4 23 14 11 23 2 15 6
2 19 8 20 2 4 16 7 23 8 11 20 19 2 7 10 23 16 4 20 19 11 2 8 23 16 10 4 7 2 20 8 11 19 4 23 7 10 16 19 8 2 20 11 16 7 4 23 10 19 13 2 15 6 21
19 8 20 2 2 16 7 23 4 8 20 19 2 11 7 23 16 4 10 20 11 2 8 19 23 10 4 7 16 2 8 11 19 20 4 7 10 16 23 19 2 20 11 8 16 4 23 10 7 24 12 15 6 23 1
11 11 11 11 2 10 10 10 10 20 20 20 20 20 23 23 23 23 23 2 2 2 2 2 4 4 4 4 4 19 19 19 19 19 16 16 16 16 16 8 8 8 8 8 7 7 7 7 7 4 19 19 19 19 16
8 20 2 19 2 7 23 4 16 20 2 8 19 11 23 4 7 16 10 2 11 19 20 8 4 10 16 23 7 19 20 11 8 2 16 23 10 7 4 8 19 2 11 20 7 16 4 10 23 9 15 21 13 7 1
20 2 19 8 2 23 4 16 7 20 8 19 11 2 23 7 16 10 4 2 19 20 8 11 4 16 23 7 10 19 11 8 2 20 16 10 7 4 23 8 2 11 20 19 7 4 10 23 16 14 16 13 7 0 21
2 19 8 20 2 4 16 7 23 20 19 11 2 8 23 16 10 4 7 2 20 8 11 19 4 23 7 10 16 19 8 2 20 11 16 7 4 23 10 8 11 20 19 2 7 10 23 16 4 19 18 7 0 21 11
19 8 20 2 2 16 7 23 4 20 11 2 8 19 23 10 4 7 16 2 8 11 19 20 4 7 10 16 23 19 2 20 11 8 16 4 23 10 7 8 20 19 2 11 7 23 16 4 10 24 17 0 21 13 6
11 11 11 11 2 10 10 10 10 2 2 2 2 2 4 4 4 4 4 19 19 19 19 19 16 16 16 16 16 8 8 8 8 8 7 7 7 7 7 20 20 20 20 20 23 23 23 23 23 4 24 24 24 24 21
8 20 2 19 2 7 23 4 16 2 11 19 20 8 4 10 16 23 7 19 20 11 8 2 16 23 10 7 4 8 19 2 11 20 7 16 4 10 23 20 2 8 19 11 23 4 7 16 10 9 20 1 8 17 11
20 2 19 8 2 23 4 16 7 2 19 20 8 11 4 16 23 7 10 19 11 8 2 20 16 10 7 4 23 8 2 11 20 19 7 4 10 23 16 20 8 19 11 2 23 7 16 10 4 14 21 8 17 10 1
2 19 8 20 2 4 16 7 23 2 20 8 11 19 4 23 7 10 16 19 8 2 20 11 16 7 4 23 10 8 11 20 19 2 7 10 23 16 4 20 19 11 2 8 23 16 10 4 7 19 23 17 10 1 6
19 8 20 2 2 16 7 23 4 2 8 11 19 20 4 7 10 16 23 19 2 20 11 8 16 4 23 10 7 8 20 19 2 11 7 23 16 4 10 20 11 2 8 19 23 10 4 7 16 24 22 10 1 8 16
18 18 18 18 5 1 1 1 1 18 18 18 18 18 1 1 1 1 1 18 18 18 18 18 1 1 1 1 1 18 18 18 18 18 1 1 1 1 1 18 18 18 18 18 1 1 1 1 1 4 4 4 4 4 3
24 12 6 0 5 13 15 22 9 18 24 12 6 0 1 13 15 22 9 18 24 12 6 0 1 13 15 22 9 18 24 12 6 0 1 13 15 22 9 18 24 12 6 0 1 13 15 22 9 9 0 11 18 22 8
12 6 0 24 5 15 22 9 13 18 12 6 0 24 1 15 22 9 13 18 12 6 0 24 1 15 22 9 13 18 12 6 0 24 1 15 22 9 13 18 12 6 0 24 1 15 22 9 13 14 1 18 22 5 13
6 0 24 12 5 22 9 13 15 18 6 0 24 12 1 22 9 13 15 18 6 0 24 12 1 22 9 13 15 18 6 0 24 12 1 22 9 13 15 18 6 0 24 12 1 22 9 13 15 19 3 22 5 11 18
0 24 12 6 5 9 13 15 22 18 0 24 12 6 1 9 13 15 22 18 0 24 12 6 1 9 13 15 22 18 0 24 12 6 1 9 13 15 22 18 0 24 12 6 1 9 13 15 22 24 2 5 11 18 23
18 18 18 18 5 1 1 1 1 0 0 0 0 0 9 9 9 9 9 24 24 24 24 24 13 13 13 13 13 12 12 12 12 12 15 15 15 15 15 6 6 6 6 6 22 22 22 22 22 4 9 9 9 9 8
24 12 6 0 5 13 15 22 9 0 12 18 24 6 9 15 1 13 22 24 0 6 18 12 13 9 22 1 15 12 6 24 0 18 15 22 13 9 1 6 18 0 12 24 22 1 9 15 13 9 5 16 3 12 23
12 6 0 24 5 15 22 9 13 0 18 24 6 12 9 1 13 22 15 24 6 18 12 0 13 22 1 15 9 12 24 0 18 6 15 13 9 1 22 6 0 12 24 18 22 9 15 13 1 14 6 3 12 20 18
6 0 24 12 5 22 9 13 15 0 24 6 12 18 9 13 22 15 1 24 18 12 0 6 13 1 15 9 22 12 0 18 6 24 15 9 1 22 13 6 12 24 18 0 22 15 13 1 9 19 8 12 20 16 3
0 24 12 6 5 9 13 15 22 0 6 12 18 24 9 22 15 1 13 24 12 0 6 18 13 15 9 22 1 12 18 6 24 0 15 1 22 13 9 6 24 18 0 12 22 13 1 9 15 24 7 20 16 3 13
18 18 18 18 5 1 1 1 1 24 24 24 24 24 13 13 13 13 13 12 12 12 12 12 15 15 15 15 15 6 6 6 6 6 22 22 22 22 22 0 0 0 0 0 9 9 9 9 9 4 14 14 14 14 13
24 12 6 0 5 13 15 22 9 24 0 6 18 12 13 9 22 1 15 12 6 24 0 18 15 22 13 9 1 6 18 0 12 24 22 1 9 15 13 0 12 18 24 6 9 15 1 13 22 9 10 6 23 2 18
12 6 0 24 5 15 22 9 13 24 6 18 12 0 13 22 1 15 9 12 24 0 18 6 15 13 9 1 22 6 0 12 24 18 22 9 15 13 1 0 18 24 6 12 9 1 13 22 15 14 11 23 2 15 8
6 0 24 12 5 22 9 13 15 24 18 12 0 6 13 1 15 9 22 12 0 18 6 24 15 9 1 22 13 6 12 24 18 0 22 15 13 1 9 0 24 6 12 18 9 13 22 15 1 19 13 2 15 6 23
0 24 12 6 5 9 13 15 22 24 12 0 6 18 13 15 9 22 1 12 18 6 24 0 15 1 22 13 9 6 24 18 0 12 22 13 1 9 15 0 6 12 18 24 9 22 15 1 13 24 12 15 6 23 3
18 18 18 18 5 1 1 1 1 12 12 12 12 12 15 15 15 15 15 6 6 6 6 6 22 22 22 22 22 0 0 0 0 0 9 9 9 9 9 24 24 24 24 24 13 13 13 13 13 4 19 19 19 19 18
24 12 6 0 5 13 15 22 9 12 6 24 0 18 15 22 13 9 1 6 18 0 12 24 22 1 9 15 13 0 12 18 24 6 9 15 1 13 22 24 0 6 18 12 13 9 22 1 15 9 15 21 13 7 3
12 6 0 24 5 15 22 9 13 12 24 0 18 6 15 13 9 1 22 6 0 12 24 18 22 9 15 13 1 0 18 24 6 12 9 1 13 22 15 24 6 18 12 0 13 22 1 15 9 14 16 13 7 0 23
6 0 24 12 5 22 9 13 15 12 0 18 6 24 15 9 1 22 13 6 12 24 18 0 22 15 13 1 9 0 24 6 12 18 9 13 22 15 1 24 18 12 0 6 13 1 15 9 22 19 18 7 0 21 13
0 24 12 6 5 9 13 15 22 12 18 6 24 0 15 1 22 13 9 6 24 18 0 12 22 13 1 9 15 0 6 12 18 24 9 22 15 1 13 24 12 0 6 18 13 15 9 22 1 24 17 0 21 13 8
18 18 18 18 5 1 1 1 1 6 6 6 6 6 22 22 22 22 22 0 0 0 0 0 9 9 9 9 9 24 24 24 24 24 13 13 13 13 13 12 12 12 12 12 15 15 15 15 15 4 24 24 24 24 23
24 12 6 0 5 13 15 22 9 6 18 0 12 24 22 1 9 15 13 0 12 18 24 6 9 15 1 13 22 24 0 6 18 12 13 9 22 1 15 12 6 24 0 18 15 22 13 9 1 9 20 1 8 17 13
12 6 0 24 5 15 22 9 13 6 0 12 24 18 22 9 15 13 1 0 18 24 6 12 9 1 13 22 15 24 6 18 12 0 13 22 1 15 9 12 24 0 18 6 15 13 9 1 22 14 21 8 17 10 3
6 0 24 12 5 22 9 13 15 6 12 24 18 0 22 15 13 1 9 0 24 6 12 18 9 13 22 15 1 24 18 12 0 6 13 1 15 9 22 12 0 18 6 24 15 9 1 22 13 19 23 17 10 1 8
0 24 12 6 5 9 13 15 22 6 24 18 0 12 22 13 1 9 15 0 6 12 18 24 9 22 15 1 13 24 12 0 6 18 13 15 9 22 1 12 18 6 24 0 15 1 22 13 9 24 22 10 1 8 18
22 22 22 22 16 8 8 8 8 22 22 22 22 22 8 8 8 8 8 22 22 22 22 22 8 8 8 8 8 22 22 22 22 22 8 8 8 8 8 22 22 22 22 22 8 8 8 8 8 4 4 4 4 4 2
1 9 15 13 16 19 2 11 20 22 1 9 15 13 8 19 2 11 20 22 1 9 15 13 8 19 2 11 20 22 1 9 15 13 8 19 2 11 20 22 1 9 15 13 8 19 2 11 20 9 0 11 18 22 7
9 15 13 1 16 2 11 20 19 22 9 15 13 1 8 2 11 20 19 22 9 15 13 1 8 2 11 20 19 22 9 15 13 1 8 2 11 20 19 22 9 15 13 1 8 2 11 20 19 14 1 18 22 5 12
15 13 1 9 16 11 20 19 2 22 15 13 1 9 8 11 20 19 2 22 15 13 1 9 8 11 20 19 2 22 15 13 1 9 8 11 20 19 2 22 15 13 1 9 8 11 20 19 2 19 3 22 5 11 17
13 1 9 15 16 20 19 2 11 22 13 1 9 15 8 20 19 2 11 22 13 1 9 15 8 20 19 2 11 22 13 1 9 15 8 20 19 2 11 22 13 1 9 15 8 20 19 2 11 24 2 5 11 18 22
22 22 22 22 16 8 8 8 8 13 13 13 13 13 20 20 20 20 20 1 1 1 1 1 19 19 19 19 19 9 9 9 9 9 2 2 2 2 2 15 15 15 15 15 11 11 11 11 11 4 9 9 9 9 7
1 9 15 13 16 19 2 11 20 13 9 22 1 15 20 2 8 19 11 1 13 15 22 9 19 20 11 8 2 9 15 1 13 22 2 11 19 20 8 15 22 13 9 1 11 8 20 2 19 9 5 16 3 12 22
9 15 13 1 16 2 11 20 19 13 22 1 15 9 20 8 19 11 2 1 15 22 9 13 19 11 8 2 20 9 1 13 22 15 2 19 20 8 11 15 13 9 1 22 11 20 2 19 8 14 6 3 12 20 17
15 13 1 9 16 11 20 19 2 13 1 15 9 22 20 19 11 2 8 1 22 9 13 15 19 8 2 20 11 9 13 22 15 1 2 20 8 11 19 15 9 1 22 13 11 2 19 8 20 19 8 12 20 16 2
13 1 9 15 16 20 19 2 11 13 15 9 22 1 20 11 2 8 19 1 9 13 15 22 19 2 20 11 8 9 22 15 1 13 2 8 11 19 20 15 1 22 13 9 11 19 8 20 2 24 7 20 16 3 12
22 22 22 22 16 8 8 8 8 1 1 1 1 1 19 19 19 19 19 9 9 9 9 9 2 2 2 2 2 15 15 15 15 15 11 11 11 11 11 13 13 13 13 13 20 20 20 20 20 4 14 14 14 14 12
1 9 15 13 16 19 2 11 20 1 13 15 22 9 19 20 11 8 2 9 15 1 13 22 2 11 19 20 8 15 22 13 9 1 11 8 20 2 19 13 9 22 1 15 20 2 8 19 11 9 10 6 23 2 17
9 15 13 1 16 2 11 20 19 1 15 22 9 13 19 11 8 2 20 9 1 13 22 15 2 19 20 8 11 15 13 9 1 22 11 20 2 19 8 13 22 1 15 9 20 8 19 11 2 14 11 23 2 15 7
15 13 1 9 16 11 20 19 2 1 22 9 13 15 19 8 2 20 11 9 13 22 15 1 2 20 8 11 19 15 9 1 22 13 11 2 19 8 20 13 1 15 9 22 20 19 11 2 8 19 13 2 15 6 22
13 1 9 15 16 20 19 2 11 1 9 13 15 22 19 2 20 11 8 9 22 15 1 13 2 8 11 19 20 15 1 22 13 9 11 19 8 20 2 13 15 9 22 1 20 11 2 8 19 24 12 15 6 23 2
22 22 22 22 16 8 8 8 8 9 9 9 9 9 2 2 2 2 2 15 15 15 15 15 11 11 11 11 11 13 13 13 13 13 20 20 20 20 20 1 1 1 1 1 19 19 19 19 19 4 19 19 19 19 17
1 9 15 13 16 19 2 11 20 9 15 1 13 22 2 11 19 20 8 15 22 13 9 1 11 8 20 2 19 13 9 22 1 15 20 2 8 19 11 1 13 15 22 9 19 20 11 8 2 9 15 21 13 7 2
9 15 13 1 16 2 11 20 19 9 1 13 22 15 2 19 20 8 11 15 13 9 1 22 11 20 2 19 8 13 22 1 15 9 20 8 19 11 2 1 15 22 9 13 19 11 8 2 20 14 16 13 7 0 22
15 13 1 9 16 11 20 19 2 9 13 22 15 1 2 20 8 11 19 15 9 1 22 13 11 2 19 8 20 13 1 15 9 22 20 19 11 2 8 1 22 9 13 15 19 8 2 20 11 19 18 7 0 21 12
13 1 9 15 16 20 19 2 11 9 22 15 1 13 2 8 11 19 20 15 1 22 13 9 11 19 8 20 2 13 15 9 22 1 20 11 2 8 19 1 9 13 15 22 19 2 20 11 8 24 17 0 21 13 7
22 22 22 22 16 8 8 8 8 15 15 15 15 15 11 11 11 11 11 13 13 13 13 13 20 20 20 20 20 1 1 1 1 1 19 19 19 19 19 9 9 9 9 9 2 2 2 2 2 4 24 24 24 24 22
1 9 15 13 16 19 2 11 20 15 22 13 9 1 11 8 20 2 19 13 9 22 1 15 20 2 8 19 11 1 13 15 22 9 19 20 11 8 2 9 15 1 13 22 2 11 19 20 8 9 20 1 8 17 12
9 15 13 1 16 2 11 20 19 15 13 9 1 22 11 20 2 19 8 13 22 1 15 9 20 8 19 11 2 1 15 22 9 13 19 11 8 2 20 9 1 13 22 15 2 19 20 8 11 14 21 8 17 10 2
15 13 1 9 16 11 20 19 2 15 9 1 22 13 11 2 19 8 20 13 1 15 9 22 20 19 11 2 8 1 22 9 13 15 19 8 2 20 11 9 13 22 15 1 2 20 8 11 19 19 23 17 10 1 7
13 1 9 15 16 20 19 2 11 15 1 22 13 9 11 19 8 20 2 13 15 9 22 1 20 11 2 8 19 1 9 13 15 22 19 2 20 11 8 9 22 15 1 13 2 8 11 19 20 24 22 10 1 8 17
