0 0 0 0 0 0 0 0
4 10 15 5 0 10 15 5
8 15 5 10 0 15 5 10
12 5 10 15 0 5 10 15
0 6 6 6 7 13 13 13
4 12 9 3 7 7 2 8
8 9 3 12 7 2 8 7
12 3 12 9 7 8 7 2
0 11 11 11 9 6 6 6
4 1 4 14 9 12 9 3
8 4 14 1 9 9 3 12
12 14 1 4 9 3 12 9
0 13 13 13 14 11 11 11
4 7 2 8 14 1 4 14
8 2 8 7 14 4 14 1
12 8 7 2 14 14 1 4
1 1 1 1 5 5 5 5
5 11 14 4 5 15 10 0
9 14 4 11 5 10 0 15
13 4 11 14 5 0 15 10
1 7 7 7 2 8 8 8
5 13 8 2 2 2 7 13
9 8 2 13 2 7 13 2
13 2 13 8 2 13 2 7
1 10 10 10 12 3 3 3
5 0 5 15 12 9 12 6
9 5 15 0 12 12 6 9
13 15 0 5 12 6 9 12
1 12 12 12 11 14 14 14
5 6 3 9 11 4 1 11
9 3 9 6 11 1 11 4
13 9 6 3 11 11 4 1
2 2 2 2 10 10 10 10
6 8 13 7 10 0 5 15
10 13 7 8 10 5 15 0
14 7 8 13 10 15 0 5
2 4 4 4 13 7 7 7
6 14 11 1 13 13 8 2
10 11 1 14 13 8 2 13
14 1 14 11 13 2 13 8
2 9 9 9 3 12 12 12
6 3 6 12 3 6 3 9
10 6 12 3 3 3 9 6
14 12 3 6 3 9 6 3
2 15 15 15 4 1 1 1
6 5 0 10 4 11 14 4
10 0 10 5 4 14 4 11
14 10 5 0 4 4 11 14
3 3 3 3 15 15 15 15
7 9 12 6 15 5 0 10
11 12 6 9 15 0 10 5
15 6 9 12 15 10 5 0
3 5 5 5 8 2 2 2
7 15 10 0 8 8 13 7
11 10 0 15 8 13 7 8
15 0 15 10 8 7 8 13
3 8 8 8 6 9 9 9
7 2 7 13 6 3 6 12
11 7 13 2 6 6 12 3
15 13 2 7 6 12 3 6
3 14 14 14 1 4 4 4
7 4 1 11 1 14 11 1
11 1 11 4 1 11 1 14
15 11 4 1 1 1 14 11
