0 0 0 0 0
8 9 10 12 7
9 10 12 1 14
10 12 1 3 4
12 1 3 6 8
1 3 6 13 9
3 6 13 2 10
6 13 2 5 12
13 2 5 11 1
2 5 11 15 3
5 11 15 7 6
11 15 7 14 13
15 7 14 4 2
7 14 4 8 5
14 4 8 9 11
4 8 9 10 15

8 8 8 8 8
0 1 2 4 15
1 2 4 9 6
2 4 9 11 12
4 9 11 14 0
9 11 14 5 1
11 14 5 10 2
14 5 10 13 4
5 10 13 3 9
10 13 3 7 11
13 3 7 15 14
3 7 15 6 5
7 15 6 12 10
15 6 12 0 13
6 12 0 1 3
12 0 1 2 7

9 9 9 9 9
1 0 3 5 14
0 3 5 8 7
3 5 8 10 13
5 8 10 15 1
8 10 15 4 0
10 15 4 11 3
15 4 11 12 5
4 11 12 2 8
11 12 2 6 10
12 2 6 14 15
2 6 14 7 4
6 14 7 13 11
14 7 13 1 12
7 13 1 0 2
13 1 0 3 6

10 10 10 10 10
2 3 0 6 13
3 0 6 11 4
0 6 11 9 14
6 11 9 12 2
11 9 12 7 3
9 12 7 8 0
12 7 8 15 6
7 8 15 1 11
8 15 1 5 9
15 1 5 13 12
1 5 13 4 7
5 13 4 14 8
13 4 14 2 15
4 14 2 3 1
14 2 3 0 5

12 12 12 12 12
4 5 6 0 11
5 6 0 13 2
6 0 13 15 8
0 13 15 10 4
13 15 10 1 5
15 10 1 14 6
10 1 14 9 0
1 14 9 7 13
14 9 7 3 15
9 7 3 11 10
7 3 11 2 1
3 11 2 8 14
11 2 8 4 9
2 8 4 5 7
8 4 5 6 3

1 1 1 1 1
9 8 11 13 6
8 11 13 0 15
11 13 0 2 5
13 0 2 7 9
0 2 7 12 8
2 7 12 3 11
7 12 3 4 13
12 3 4 10 0
3 4 10 14 2
4 10 14 6 7
10 14 6 15 12
14 6 15 5 3
6 15 5 9 4
15 5 9 8 10
5 9 8 11 14

3 3 3 3 3
11 10 9 15 4
10 9 15 2 13
9 15 2 0 7
15 2 0 5 11
2 0 5 14 10
0 5 14 1 9
5 14 1 6 15
14 1 6 8 2
1 6 8 12 0
6 8 12 4 5
8 12 4 13 14
12 4 13 7 1
4 13 7 11 6
13 7 11 10 8
7 11 10 9 12

6 6 6 6 6
14 15 12 10 1
15 12 10 7 8
12 10 7 5 2
10 7 5 0 14
7 5 0 11 15
5 0 11 4 12
0 11 4 3 10
11 4 3 13 7
4 3 13 9 5
3 13 9 1 0
13 9 1 8 11
9 1 8 2 4
1 8 2 14 3
8 2 14 15 13
2 14 15 12 9

13 13 13 13 13
5 4 7 1 10
4 7 1 12 3
7 1 12 14 9
1 12 14 11 5
12 14 11 0 4
14 11 0 15 7
11 0 15 8 1
0 15 8 6 12
15 8 6 2 14
8 6 2 10 11
6 2 10 3 0
2 10 3 9 15
10 3 9 5 8
3 9 5 4 6
9 5 4 7 2

2 2 2 2 2
10 11 8 14 5
11 8 14 3 12
8 14 3 1 6
14 3 1 4 10
3 1 4 15 11
1 4 15 0 8
4 15 0 7 14
15 0 7 9 3
0 7 9 13 1
7 9 13 5 4
9 13 5 12 15
13 5 12 6 0
5 12 6 10 7
12 6 10 11 9
6 10 11 8 13

5 5 5 5 5
13 12 15 9 2
12 15 9 4 11
15 9 4 6 1
9 4 6 3 13
4 6 3 8 12
6 3 8 7 15
3 8 7 0 9
8 7 0 14 4
7 0 14 10 6
0 14 10 2 3
14 10 2 11 8
10 2 11 1 7
2 11 1 13 0
11 1 13 12 14
1 13 12 15 10

11 11 11 11 11
3 2 1 7 12
2 1 7 10 5
1 7 10 8 15
7 10 8 13 3
10 8 13 6 2
8 13 6 9 1
13 6 9 14 7
6 9 14 0 10
9 14 0 4 8
14 0 4 12 13
0 4 12 5 6
4 12 5 15 9
12 5 15 3 14
5 15 3 2 0
15 3 2 1 4

15 15 15 15 15
7 6 5 3 8
6 5 3 14 1
5 3 14 12 11
3 14 12 9 7
14 12 9 2 6
12 9 2 13 5
9 2 13 10 3
2 13 10 4 14
13 10 4 0 12
10 4 0 8 9
4 0 8 1 2
0 8 1 11 13
8 1 11 7 10
1 11 7 6 4
11 7 6 5 0

7 7 7 7 7
15 14 13 11 0
14 13 11 6 9
13 11 6 4 3
11 6 4 1 15
6 4 1 10 14
4 1 10 5 13
1 10 5 2 11
10 5 2 12 6
5 2 12 8 4
2 12 8 0 1
12 8 0 9 10
8 0 9 3 5
0 9 3 15 2
9 3 15 14 12
3 15 14 13 8

14 14 14 14 14
6 7 4 2 9
7 4 2 15 0
4 2 15 13 10
2 15 13 8 6
15 13 8 3 7
13 8 3 12 4
8 3 12 11 2
3 12 11 5 15
12 11 5 1 13
11 5 1 9 8
5 1 9 0 3
1 9 0 10 12
9 0 10 6 11
0 10 6 7 5
10 6 7 4 1

4 4 4 4 4
12 13 14 8 3
13 14 8 5 10
14 8 5 7 0
8 5 7 2 12
5 7 2 9 13
7 2 9 6 14
2 9 6 1 8
9 6 1 15 5
6 1 15 11 7
1 15 11 3 2
15 11 3 10 9
11 3 10 0 6
3 10 0 12 1
10 0 12 13 15
0 12 13 14 11
