0 0 0 0 0
4 8 12 11 3
8 1 9 10 11
1 14 15 4 10
14 12 2 8 4
12 9 5 1 8
9 15 6 14 1
15 2 13 12 14
2 5 7 9 12
5 6 3 15 9
6 13 11 2 15
13 7 10 5 2
7 3 4 6 5
3 11 8 13 6
11 10 1 7 13
10 4 14 3 7

4 4 4 4 4
0 12 8 15 7
12 5 13 14 15
5 10 11 0 14
10 8 6 12 0
8 13 1 5 12
13 11 2 10 5
11 6 9 8 10
6 1 3 13 8
1 2 7 11 13
2 9 15 6 11
9 3 14 1 6
3 7 0 2 1
7 15 12 9 2
15 14 5 3 9
14 0 10 7 3

8 8 8 8 8
12 0 4 3 11
0 9 1 2 3
9 6 7 12 2
6 4 10 0 12
4 1 13 9 0
1 7 14 6 9
7 10 5 4 6
10 13 15 1 4
13 14 11 7 1
14 5 3 10 7
5 15 2 13 10
15 11 12 14 13
11 3 0 5 14
3 2 9 15 5
2 12 6 11 15

1 1 1 1 1
5 9 13 10 2
9 0 8 11 10
0 15 14 5 11
15 13 3 9 5
13 8 4 0 9
8 14 7 15 0
14 3 12 13 15
3 4 6 8 13
4 7 2 14 8
7 12 10 3 14
12 6 11 4 3
6 2 5 7 4
2 10 9 12 7
10 11 0 6 12
11 5 15 2 6

14 14 14 14 14
10 6 2 5 13
6 15 7 4 5
15 0 1 10 4
0 2 12 6 10
2 7 11 15 6
7 1 8 0 15
1 12 3 2 0
12 11 9 7 2
11 8 13 1 7
8 3 5 12 1
3 9 4 11 12
9 13 10 8 11
13 5 6 3 8
5 4 15 9 3
4 10 0 13 9

12 12 12 12 12
8 4 0 7 15
4 13 5 6 7
13 2 3 8 6
2 0 14 4 8
0 5 9 13 4
5 3 10 2 13
3 14 1 0 2
14 9 11 5 0
9 10 15 3 5
10 1 7 14 3
1 11 6 9 14
11 15 8 10 9
15 7 4 1 10
7 6 13 11 1
6 8 2 15 11

9 9 9 9 9
13 1 5 2 10
1 8 0 3 2
8 7 6 13 3
7 5 11 1 13
5 0 12 8 1
0 6 15 7 8
6 11 4 5 7
11 12 14 0 5
12 15 10 6 0
15 4 2 11 6
4 14 3 12 11
14 10 13 15 12
10 2 1 4 15
2 3 8 14 4
3 13 7 10 14

15 15 15 15 15
11 7 3 4 12
7 14 6 5 4
14 1 0 11 5
1 3 13 7 11
3 6 10 14 7
6 0 9 1 14
0 13 2 3 1
13 10 8 6 3
10 9 12 0 6
9 2 4 13 0
2 8 5 10 13
8 12 11 9 10
12 4 7 2 9
4 5 14 8 2
5 11 1 12 8

2 2 2 2 2
6 10 14 9 1
10 3 11 8 9
3 12 13 6 8
12 14 0 10 6
14 11 7 3 10
11 13 4 12 3
13 0 15 14 12
0 7 5 11 14
7 4 1 13 11
4 15 9 0 13
15 5 8 7 0
5 1 6 4 7
1 9 10 15 4
9 8 3 5 15
8 6 12 1 5

5 5 5 5 5
1 13 9 14 6
13 4 12 15 14
4 11 10 1 15
11 9 7 13 1
9 12 0 4 13
12 10 3 11 4
10 7 8 9 11
7 0 2 12 9
0 3 6 10 12
3 8 14 7 10
8 2 15 0 7
2 6 1 3 0
6 14 13 8 3
14 15 4 2 8
15 1 11 6 2

6 6 6 6 6
2 14 10 13 5
14 7 15 12 13
7 8 9 2 12
8 10 4 14 2
10 15 3 7 14
15 9 0 8 7
9 4 11 10 8
4 3 1 15 10
3 0 5 9 15
0 11 13 4 9
11 1 12 3 4
1 5 2 0 3
5 13 14 11 0
13 12 7 1 11
12 2 8 5 1

13 13 13 13 13
9 5 1 6 14
5 12 4 7 6
12 3 2 9 7
3 1 15 5 9
1 4 8 12 5
4 2 11 3 12
2 15 0 1 3
15 8 10 4 1
8 11 14 2 4
11 0 6 15 2
0 10 7 8 15
10 14 9 11 8
14 6 5 0 11
6 7 12 10 0
7 9 3 14 10

7 7 7 7 7
3 15 11 12 4
15 6 14 13 12
6 9 8 3 13
9 11 5 15 3
11 14 2 6 15
14 8 1 9 6
8 5 10 11 9
5 2 0 14 11
2 1 4 8 14
1 10 12 5 8
10 0 13 2 5
0 4 3 1 2
4 12 15 10 1
12 13 6 0 10
13 3 9 4 0

3 3 3 3 3
7 11 15 8 0
11 2 10 9 8
2 13 12 7 9
13 15 1 11 7
15 10 6 2 11
10 12 5 13 2
12 1 14 15 13
1 6 4 10 15
6 5 0 12 10
5 14 8 1 12
14 4 9 6 1
4 0 7 5 6
0 8 11 14 5
8 9 2 4 14
9 7 13 0 4

11 11 11 11 11
15 3 7 0 8
3 10 2 1 0
10 5 4 15 1
5 7 9 3 15
7 2 14 10 3
2 4 13 5 10
4 9 6 7 5
9 14 12 2 7
14 13 8 4 2
13 6 0 9 4
6 12 1 14 9
12 8 15 13 14
8 0 3 6 13
0 1 10 12 6
1 15 5 8 12

10 10 10 10 10
14 2 6 1 9
2 11 3 0 1
11 4 5 14 0
4 6 8 2 14
6 3 15 11 2
3 5 12 4 11
5 8 7 6 4
8 15 13 3 6
15 12 9 5 3
12 7 1 8 5
7 13 0 15 8
13 9 14 12 15
9 1 2 7 12
1 0 11 13 7
0 14 4 9 13
