0 0 0 0 0 0 0 0 0 0 0 0 0
9 19 1 20 12 21 4 13 5 6 16 25 17
19 12 4 16 10 2 22 14 26 9 5 21 6
12 10 22 5 23 8 3 15 25 19 26 2 9
10 23 3 26 7 17 18 1 21 12 25 8 19
23 7 18 25 13 6 11 4 2 10 21 17 12
7 13 11 21 14 9 24 22 8 23 2 6 10
13 14 24 2 15 19 20 3 17 7 8 9 23
14 15 20 8 1 12 16 18 6 13 17 19 7
15 1 16 17 4 10 5 11 9 14 6 12 13
1 4 5 6 22 23 26 24 19 15 9 10 14
4 22 26 9 3 7 25 20 12 1 19 23 15
22 3 25 19 18 13 21 16 10 4 12 7 1
3 18 21 12 11 14 2 5 23 22 10 13 4
18 11 2 10 24 15 8 26 7 3 23 14 22
11 24 8 23 20 1 17 25 13 18 7 15 3
24 20 17 7 16 4 6 21 14 11 13 1 18
20 16 6 13 5 22 9 2 15 24 14 4 11
16 5 9 14 26 3 19 8 1 20 15 22 24
5 26 19 15 25 18 12 17 4 16 1 3 20
26 25 12 1 21 11 10 6 22 5 4 18 16
25 21 10 4 2 24 23 9 3 26 22 11 5
21 2 23 22 8 20 7 19 18 25 3 24 26
2 8 7 3 17 16 13 12 11 21 18 20 25
8 17 13 18 6 5 14 10 24 2 11 16 21
17 6 14 11 9 26 15 23 20 8 24 5 2
6 9 15 24 19 25 1 7 16 17 20 26 8

9 9 9 9 9 9 9 9 9 9 9 9 9
18 1 10 2 21 3 13 22 14 15 25 7 26
1 21 13 25 19 11 4 23 8 18 14 3 15
21 19 4 14 5 17 12 24 7 1 8 11 18
19 5 12 8 16 26 0 10 3 21 7 17 1
5 16 0 7 22 15 20 13 11 19 3 26 21
16 22 20 3 23 18 6 4 17 5 11 15 19
22 23 6 11 24 1 2 12 26 16 17 18 5
23 24 2 17 10 21 25 0 15 22 26 1 16
24 10 25 26 13 19 14 20 18 23 15 21 22
10 13 14 15 4 5 8 6 1 24 18 19 23
13 4 8 18 12 16 7 2 21 10 1 5 24
4 12 7 1 0 22 3 25 19 13 21 16 10
12 0 3 21 20 23 11 14 5 4 19 22 13
0 20 11 19 6 24 17 8 16 12 5 23 4
20 6 17 5 2 10 26 7 22 0 16 24 12
6 2 26 16 25 13 15 3 23 20 22 10 0
2 25 15 22 14 4 18 11 24 6 23 13 20
25 14 18 23 8 12 1 17 10 2 24 4 6
14 8 1 24 7 0 21 26 13 25 10 12 2
8 7 21 10 3 20 19 15 4 14 13 0 25
7 3 19 13 11 6 5 18 12 8 4 20 14
3 11 5 4 17 2 16 1 0 7 12 6 8
11 17 16 12 26 25 22 21 20 3 0 2 7
17 26 22 0 15 14 23 19 6 11 20 25 3
26 15 23 20 18 8 24 5 2 17 6 14 11
15 18 24 6 1 7 10 16 25 26 2 8 17

19 19 19 19 19 19 19 19 19 19 19 19 19
1 11 20 9 4 13 23 5 21 25 8 17 6
11 4 23 8 2 18 14 3 15 1 21 13 25
4 2 14 21 12 24 22 7 17 11 15 18 1
2 12 22 15 26 6 10 20 13 4 17 24 11
12 26 10 17 5 25 0 23 18 2 13 6 4
26 5 0 13 3 1 16 14 24 12 18 25 2
5 3 16 18 7 11 9 22 6 26 24 1 12
3 7 9 24 20 4 8 10 25 5 6 11 26
7 20 8 6 23 2 21 0 1 3 25 4 5
20 23 21 25 14 12 15 16 11 7 1 2 3
23 14 15 1 22 26 17 9 4 20 11 12 7
14 22 17 11 10 5 13 8 2 23 4 26 20
22 10 13 4 0 3 18 21 12 14 2 5 23
10 0 18 2 16 7 24 15 26 22 12 3 14
0 16 24 12 9 20 6 17 5 10 26 7 22
16 9 6 26 8 23 25 13 3 0 5 20 10
9 8 25 5 21 14 1 18 7 16 3 23 0
8 21 1 3 15 22 11 24 20 9 7 14 16
21 15 11 7 17 10 4 6 23 8 20 22 9
15 17 4 20 13 0 2 25 14 21 23 10 8
17 13 2 23 18 16 12 1 22 15 14 0 21
13 18 12 14 24 9 26 11 10 17 22 16 15
18 24 26 22 6 8 5 4 0 13 10 9 17
24 6 5 10 25 21 3 2 16 18 0 8 13
6 25 3 0 1 15 7 12 9 24 16 21 18
25 1 7 16 11 17 20 26 8 6 9 15 24

12 12 12 12 12 12 12 12 12 12 12 12 12
21 4 13 5 24 6 16 25 17 9 19 1 20
4 24 16 19 22 14 7 26 2 21 17 6 9
24 22 7 17 8 11 15 18 1 4 2 14 21
22 8 15 2 10 20 3 13 6 24 1 11 4
8 10 3 1 25 9 23 16 14 22 6 20 24
10 25 23 6 26 21 0 7 11 8 14 9 22
25 26 0 14 18 4 5 15 20 10 11 21 8
26 18 5 11 13 24 19 3 9 25 20 4 10
18 13 19 20 16 22 17 23 21 26 9 24 25
13 16 17 9 7 8 2 0 4 18 21 22 26
16 7 2 21 15 10 1 5 24 13 4 8 18
7 15 1 4 3 25 6 19 22 16 24 10 13
15 3 6 24 23 26 14 17 8 7 22 25 16
3 23 14 22 0 18 11 2 10 15 8 26 7
23 0 11 8 5 13 20 1 25 3 10 18 15
0 5 20 10 19 16 9 6 26 23 25 13 3
5 19 9 25 17 7 21 14 18 0 26 16 23
19 17 21 26 2 15 4 11 13 5 18 7 0
17 2 4 18 1 3 24 20 16 19 13 15 5
2 1 24 13 6 23 22 9 7 17 16 3 19
1 6 22 16 14 0 8 21 15 2 7 23 17
6 14 8 7 11 5 10 4 3 1 15 0 2
14 11 10 15 20 19 25 24 23 6 3 5 1
11 20 25 3 9 17 26 22 0 14 23 19 6
20 9 26 23 21 2 18 8 5 11 0 17 14
9 21 18 0 4 1 13 10 19 20 5 2 11

10 10 10 10 10 10 10 10 10 10 10 10 10
19 2 11 0 22 4 14 23 12 16 26 8 24
2 22 14 26 20 9 5 21 6 19 12 4 16
22 20 5 12 3 15 13 25 8 2 6 9 19
20 3 13 6 17 24 1 11 4 22 8 15 2
3 17 1 8 23 16 18 14 9 20 4 24 22
17 23 18 4 21 19 7 5 15 3 9 16 20
23 21 7 9 25 2 0 13 24 17 15 19 3
21 25 0 15 11 22 26 1 16 23 24 2 17
25 11 26 24 14 20 12 18 19 21 16 22 23
11 14 12 16 5 3 6 7 2 25 19 20 21
14 5 6 19 13 17 8 0 22 11 2 3 25
5 13 8 2 1 23 4 26 20 14 22 17 11
13 1 4 22 18 21 9 12 3 5 20 23 14
1 18 9 20 7 25 15 6 17 13 3 21 5
18 7 15 3 0 11 24 8 23 1 17 25 13
7 0 24 17 26 14 16 4 21 18 23 11 1
0 26 16 23 12 5 19 9 25 7 21 14 18
26 12 19 21 6 13 2 15 11 0 25 5 7
12 6 2 25 8 1 22 24 14 26 11 13 0
6 8 22 11 4 18 20 16 5 12 14 1 26
8 4 20 14 9 7 3 19 13 6 5 18 12
4 9 3 5 15 0 17 2 1 8 13 7 6
9 15 17 13 24 26 23 22 18 4 1 0 8
15 24 23 1 16 12 21 20 7 9 18 26 4
24 16 21 18 19 6 25 3 0 15 7 12 9
16 19 25 7 2 8 11 17 26 24 0 6 15

23 23 23 23 23 23 23 23 23 23 23 23 23
5 12 21 13 8 17 24 6 25 20 0 9 1
12 8 24 0 3 22 15 7 10 5 25 17 20
8 3 15 25 16 19 26 2 9 12 10 22 5
3 16 26 10 18 1 14 21 17 8 9 19 12
16 18 14 9 6 20 4 24 22 3 17 1 8
18 6 4 17 7 5 11 15 19 16 22 20 3
6 7 11 22 2 12 13 26 1 18 19 5 16
7 2 13 19 21 8 0 14 20 6 1 12 18
2 21 0 1 24 3 25 4 5 7 20 8 6
21 24 25 20 15 16 10 11 12 2 5 3 7
24 15 10 5 26 18 9 13 8 21 12 16 2
15 26 9 12 14 6 17 0 3 24 8 18 21
26 14 17 8 4 7 22 25 16 15 3 6 24
14 4 22 3 11 2 19 10 18 26 16 7 15
4 11 19 16 13 21 1 9 6 14 18 2 26
11 13 1 18 0 24 20 17 7 4 6 21 14
13 0 20 6 25 15 5 22 2 11 7 24 4
0 25 5 7 10 26 12 19 21 13 2 15 11
25 10 12 2 9 14 8 1 24 0 21 26 13
10 9 8 21 17 4 3 20 15 25 24 14 0
9 17 3 24 22 11 16 5 26 10 15 4 25
17 22 16 15 19 13 18 12 14 9 26 11 10
22 19 18 26 1 0 6 8 4 17 14 13 9
19 1 6 14 20 25 7 3 11 22 4 0 17
1 20 7 4 5 10 2 16 13 19 11 25 22
20 5 2 11 12 9 21 18 0 1 13 10 19

7 7 7 7 7 7 7 7 7 7 7 7 7
16 26 8 24 10 19 2 11 0 4 14 23 12
26 10 2 14 17 6 20 9 21 16 0 19 4
10 17 20 0 18 3 1 13 23 26 21 6 16
17 18 1 21 5 12 25 8 19 10 23 3 26
18 5 25 23 11 4 15 2 6 17 19 12 10
5 11 15 19 9 16 22 20 3 18 6 4 17
11 9 22 6 13 26 24 1 12 5 3 16 18
9 13 24 3 8 10 14 25 4 11 12 26 5
13 8 14 12 2 17 0 15 16 9 4 10 11
8 2 0 4 20 18 21 22 26 13 16 17 9
2 20 21 16 1 5 23 24 10 8 26 18 13
20 1 23 26 25 11 19 14 17 2 10 5 8
1 25 19 10 15 9 6 0 18 20 17 11 2
25 15 6 17 22 13 3 21 5 1 18 9 20
15 22 3 18 24 8 12 23 11 25 5 13 1
22 24 12 5 14 2 4 19 9 15 11 8 25
24 14 4 11 0 20 16 6 13 22 9 2 15
14 0 16 9 21 1 26 3 8 24 13 20 22
0 21 26 13 23 25 10 12 2 14 8 1 24
21 23 10 8 19 15 17 4 20 0 2 25 14
23 19 17 2 6 22 18 16 1 21 20 15 0
19 6 18 20 3 24 5 26 25 23 1 22 21
6 3 5 1 12 14 11 10 15 19 25 24 23
3 12 11 25 4 0 9 17 22 6 15 14 19
12 4 9 15 16 21 13 18 24 3 22 0 6
4 16 13 22 26 23 8 5 14 12 24 21 3

13 13 13 13 13 13 13 13 13 13 13 13 13
22 5 14 3 25 7 17 26 15 10 20 2 18
5 25 17 20 23 12 8 24 0 22 15 7 10
25 23 8 15 6 9 16 19 2 5 0 12 22
23 6 16 0 11 18 4 14 7 25 2 9 5
6 11 4 2 26 10 21 17 12 23 7 18 25
11 26 21 7 24 22 1 8 9 6 12 10 23
26 24 1 12 19 5 3 16 18 11 9 22 6
24 19 3 9 14 25 20 4 10 26 18 5 11
19 14 20 18 17 23 15 21 22 24 10 25 26
14 17 15 10 8 6 0 1 5 19 22 23 24
17 8 0 22 16 11 2 3 25 14 5 6 19
8 16 2 5 4 26 7 20 23 17 25 11 14
16 4 7 25 21 24 12 15 6 8 23 26 17
4 21 12 23 1 19 9 0 11 16 6 24 8
21 1 9 6 3 14 18 2 26 4 11 19 16
1 3 18 11 20 17 10 7 24 21 26 14 4
3 20 10 26 15 8 22 12 19 1 24 17 21
20 15 22 24 0 16 5 9 14 3 19 8 1
15 0 5 19 2 4 25 18 17 20 14 16 3
0 2 25 14 7 21 23 10 8 15 17 4 20
2 7 23 17 12 1 6 22 16 0 8 21 15
7 12 6 8 9 3 11 5 4 2 16 1 0
12 9 11 16 18 20 26 25 21 7 4 3 2
9 18 26 4 10 15 24 23 1 12 21 20 7
18 10 24 21 22 0 19 6 3 9 1 15 12
10 22 19 1 5 2 14 11 20 18 3 0 9

14 14 14 14 14 14 14 14 14 14 14 14 14
23 3 12 4 26 8 15 24 16 11 18 0 19
3 26 15 18 21 13 6 25 1 23 16 8 11
26 21 6 16 7 10 17 20 0 3 1 13 23
21 7 17 1 9 19 5 12 8 26 0 10 3
7 9 5 0 24 11 22 15 13 21 8 19 26
9 24 22 8 25 23 2 6 10 7 13 11 21
24 25 2 13 20 3 4 17 19 9 10 23 7
25 20 4 10 12 26 18 5 11 24 19 3 9
20 12 18 19 15 21 16 22 23 25 11 26 24
12 15 16 11 6 7 1 2 3 20 23 21 25
15 6 1 23 17 9 0 4 26 12 3 7 20
6 17 0 3 5 24 8 18 21 15 26 9 12
17 5 8 26 22 25 13 16 7 6 21 24 15
5 22 13 21 2 20 10 1 9 17 7 25 6
22 2 10 7 4 12 19 0 24 5 9 20 17
2 4 19 9 18 15 11 8 25 22 24 12 5
4 18 11 24 16 6 23 13 20 2 25 15 22
18 16 23 25 1 17 3 10 12 4 20 6 2
16 1 3 20 0 5 26 19 15 18 12 17 4
1 0 26 12 8 22 21 11 6 16 15 5 18
0 8 21 15 13 2 7 23 17 1 6 22 16
8 13 7 6 10 4 9 3 5 0 17 2 1
13 10 9 17 19 18 24 26 22 8 5 4 0
10 19 24 5 11 16 25 21 2 13 22 18 8
19 11 25 22 23 1 20 7 4 10 2 16 13
11 23 20 2 3 0 12 9 18 19 4 1 10

15 15 15 15 15 15 15 15 15 15 15 15 15
24 7 16 8 18 0 10 19 11 12 22 4 23
7 18 10 22 25 17 1 20 5 24 11 0 12
18 25 1 11 2 14 9 21 4 7 5 17 24
25 2 9 5 13 23 6 16 0 18 4 14 7
2 13 6 4 19 12 26 10 17 25 0 23 18
13 19 26 0 20 24 3 1 14 2 17 12 25
19 20 3 17 21 7 8 9 23 13 14 24 2
20 21 8 14 16 18 22 6 12 19 23 7 13
21 16 22 23 10 25 11 26 24 20 12 18 19
16 10 11 12 1 2 5 3 7 21 24 25 20
10 1 5 24 9 13 4 8 18 16 7 2 21
1 9 4 7 6 19 0 22 25 10 18 13 16
9 6 0 18 26 20 17 11 2 1 25 19 10
6 26 17 25 3 21 14 5 13 9 2 20 1
26 3 14 2 8 16 23 4 19 6 13 21 9
3 8 23 13 22 10 12 0 20 26 19 16 6
8 22 12 19 11 1 24 17 21 3 20 10 26
22 11 24 20 5 9 7 14 16 8 21 1 3
11 5 7 21 4 6 18 23 10 22 16 9 8
5 4 18 16 0 26 25 12 1 11 10 6 22
4 0 25 10 17 3 2 24 9 5 1 26 11
0 17 2 1 14 8 13 7 6 4 9 3 5
17 14 13 9 23 22 19 18 26 0 6 8 4
14 23 19 6 12 11 20 25 3 17 26 22 0
23 12 20 26 24 5 21 2 8 14 3 11 17
12 24 21 3 7 4 16 13 22 23 8 5 14

1 1 1 1 1 1 1 1 1 1 1 1 1
10 20 2 18 13 22 5 14 3 7 17 26 15
20 13 5 17 11 0 23 12 24 10 3 22 7
13 11 23 3 21 6 4 16 26 20 24 0 10
11 21 4 24 8 15 19 2 22 13 26 6 20
21 8 19 26 14 7 9 5 0 11 22 15 13
8 14 9 22 12 10 25 23 6 21 0 7 11
14 12 25 0 16 20 18 4 15 8 6 10 21
12 16 18 6 2 13 17 19 7 14 15 20 8
16 2 17 15 5 11 3 9 10 12 7 13 14
2 5 3 7 23 21 24 25 20 16 10 11 12
5 23 24 10 4 8 26 18 13 2 20 21 16
23 4 26 20 19 14 22 17 11 5 13 8 2
4 19 22 13 9 12 0 3 21 23 11 14 5
19 9 0 11 25 16 6 24 8 4 21 12 23
9 25 6 21 18 2 15 26 14 19 8 16 4
25 18 15 8 17 5 7 22 12 9 14 2 19
18 17 7 14 3 23 10 0 16 25 12 5 9
17 3 10 12 24 4 20 6 2 18 16 23 25
3 24 20 16 26 19 13 15 5 17 2 4 18
24 26 13 2 22 9 11 7 23 3 5 19 17
26 22 11 5 0 25 21 10 4 24 23 9 3
22 0 21 23 6 18 8 20 19 26 4 25 24
0 6 8 4 15 17 14 13 9 22 19 18 26
6 15 14 19 7 3 12 11 25 0 9 17 22
15 7 12 9 10 24 16 21 18 6 25 3 0
7 10 16 25 20 26 2 8 17 15 18 24 6

4 4 4 4 4 4 4 4 4 4 4 4 4
13 23 5 21 16 25 8 17 6 1 11 20 9
23 16 8 11 14 3 26 15 18 13 6 25 1
16 14 26 6 24 0 7 10 20 23 18 3 13
14 24 7 18 2 9 22 5 25 16 20 0 23
24 2 22 20 17 1 12 8 3 14 25 9 16
2 17 12 25 15 13 19 26 0 24 3 1 14
17 15 19 3 10 23 21 7 9 2 0 13 24
15 10 21 0 5 16 11 22 1 17 9 23 2
10 5 11 9 8 14 6 12 13 15 1 16 17
5 8 6 1 26 24 18 19 23 10 13 14 15
8 26 18 13 7 2 20 21 16 5 23 24 10
26 7 20 23 22 17 25 11 14 8 16 2 5
7 22 25 16 12 15 3 6 24 26 14 17 8
22 12 3 14 19 10 0 18 2 7 24 15 26
12 19 0 24 21 5 9 20 17 22 2 10 7
19 21 9 2 11 8 1 25 15 12 17 5 22
21 11 1 17 6 26 13 3 10 19 15 8 12
11 6 13 15 18 7 23 0 5 21 10 26 19
6 18 23 10 20 22 16 9 8 11 5 7 21
18 20 16 5 25 12 14 1 26 6 8 22 11
20 25 14 8 3 19 24 13 7 18 26 12 6
25 3 24 26 0 21 2 23 22 20 7 19 18
3 0 2 7 9 11 17 16 12 25 22 21 20
0 9 17 22 1 6 15 14 19 3 12 11 25
9 1 15 12 13 18 10 24 21 0 19 6 3
1 13 10 19 23 20 5 2 11 9 21 18 0

22 22 22 22 22 22 22 22 22 22 22 22 22
4 14 23 12 7 16 26 8 24 19 2 11 0
14 7 26 2 5 21 17 6 9 4 24 16 19
7 5 17 24 15 18 25 1 11 14 9 21 4
5 15 25 9 20 0 13 23 16 7 11 18 14
15 20 13 11 8 19 3 26 21 5 16 0 7
20 8 3 16 6 4 10 17 18 15 21 19 5
8 6 10 21 1 14 12 25 0 20 18 4 15
6 1 12 18 23 7 2 13 19 8 0 14 20
1 23 2 0 26 5 24 3 4 6 19 7 8
23 26 24 19 17 15 9 10 14 1 4 5 6
26 17 9 4 25 20 11 12 7 23 14 15 1
17 25 11 14 13 8 16 2 5 26 7 20 23
25 13 16 7 3 6 21 24 15 17 5 8 26
13 3 21 5 10 1 18 9 20 25 15 6 17
3 10 18 15 12 23 0 11 8 13 20 1 25
10 12 0 20 2 26 19 16 6 3 8 23 13
12 2 19 8 24 17 4 21 1 10 6 26 3
2 24 4 6 9 25 14 18 23 12 1 17 10
24 9 14 1 11 13 7 0 26 2 23 25 12
9 11 7 23 16 3 5 19 17 24 26 13 2
11 16 5 26 21 10 15 4 25 9 17 3 24
16 21 15 17 18 12 20 14 13 11 25 10 9
21 18 20 25 0 2 8 7 3 16 13 12 11
18 0 8 13 19 24 6 5 10 21 3 2 16
0 19 6 3 4 9 1 15 12 18 10 24 21
19 4 1 10 14 11 23 20 2 0 12 9 18

3 3 3 3 3 3 3 3 3 3 3 3 3
12 22 4 23 15 24 7 16 8 0 10 19 11
22 15 7 10 13 5 25 17 20 12 8 24 0
15 13 25 8 26 2 6 9 19 22 20 5 12
13 26 6 20 1 11 21 4 24 15 19 2 22
26 1 21 19 16 0 14 7 5 13 24 11 15
1 16 14 24 17 12 18 25 2 26 5 0 13
16 17 18 5 9 22 23 6 11 1 2 12 26
17 9 23 2 4 15 10 21 0 16 11 22 1
9 4 10 11 7 13 8 14 12 17 0 15 16
4 7 8 0 25 26 20 18 22 9 12 13 17
7 25 20 12 6 1 19 23 15 4 22 26 9
25 6 19 22 21 16 24 10 13 7 15 1 4
6 21 24 15 14 17 5 8 26 25 13 16 7
21 14 5 13 18 9 2 20 1 6 26 17 25
14 18 2 26 23 4 11 19 16 21 1 9 6
18 23 11 1 10 7 0 24 17 14 16 4 21
23 10 0 16 8 25 12 5 9 18 17 7 14
10 8 12 17 20 6 22 2 4 23 9 25 18
8 20 22 9 19 21 15 11 7 10 4 6 23
20 19 15 4 24 14 13 0 25 8 7 21 10
19 24 13 7 5 18 26 12 6 20 25 14 8
24 5 26 25 2 23 1 22 21 19 6 18 20
5 2 1 6 11 10 16 15 14 24 21 23 19
2 11 16 21 0 8 17 13 18 5 14 10 24
11 0 17 14 12 20 9 26 23 2 18 8 5
0 12 9 18 22 19 4 1 10 11 23 20 2

18 18 18 18 18 18 18 18 18 18 18 18 18
0 10 19 11 3 12 22 4 23 24 7 16 8
10 3 22 7 1 20 13 5 17 0 23 12 24
3 1 13 23 14 26 21 6 16 10 17 20 0
1 14 21 17 25 8 9 19 12 3 16 26 10
14 25 9 16 4 24 2 22 20 1 12 8 3
25 4 2 12 5 0 15 13 26 14 20 24 1
4 5 15 20 6 10 11 21 8 25 26 0 14
5 6 11 26 19 3 7 9 24 4 8 10 25
6 19 7 8 22 1 23 2 0 5 24 3 4
19 22 23 24 13 14 17 15 10 6 0 1 5
22 13 17 0 21 25 16 11 3 19 10 14 6
13 21 16 10 9 4 12 7 1 22 3 25 19
21 9 12 3 2 5 20 23 14 13 1 4 22
9 2 20 1 15 6 26 17 25 21 14 5 13
2 15 26 14 11 19 8 16 4 9 25 6 21
15 11 8 25 7 22 24 12 5 2 4 19 9
11 7 24 4 23 13 0 20 6 15 5 22 2
7 23 0 5 17 21 10 26 19 11 6 13 15
23 17 10 6 16 9 3 8 22 7 19 21 11
17 16 3 19 12 2 1 24 13 23 22 9 7
16 12 1 22 20 15 14 0 21 17 13 2 23
12 20 14 13 26 11 25 10 9 16 21 15 17
20 26 25 21 8 7 4 3 2 12 9 11 16
26 8 4 9 24 23 5 1 15 20 2 7 12
8 24 5 2 0 17 6 14 11 26 15 23 20
24 0 6 15 10 16 19 25 7 8 11 17 26

11 11 11 11 11 11 11 11 11 11 11 11 11
20 0 9 1 23 5 12 21 13 17 24 6 25
0 23 12 24 18 10 3 22 7 20 13 5 17
23 18 3 13 4 16 14 26 6 0 7 10 20
18 4 14 7 15 25 2 9 5 23 6 16 0
4 15 2 6 21 17 19 12 10 18 5 25 23
15 21 19 5 22 20 8 3 16 4 10 17 18
21 22 8 10 26 0 1 14 25 15 16 20 4
22 26 1 16 9 23 24 2 17 21 25 0 15
26 9 24 25 12 18 13 19 20 22 17 23 21
9 12 13 17 3 4 7 8 0 26 20 18 22
12 3 7 20 14 15 6 1 23 9 0 4 26
3 14 6 0 2 21 5 24 18 12 23 15 9
14 2 5 23 19 22 10 13 4 3 18 21 12
2 19 10 18 8 26 16 7 15 14 4 22 3
19 8 16 4 1 9 25 6 21 2 15 26 14
8 1 25 15 24 12 17 5 22 19 21 9 2
1 24 17 21 13 3 20 10 26 8 22 12 19
24 13 20 22 7 14 0 16 9 1 26 3 8
13 7 0 26 6 2 23 25 12 24 9 14 1
7 6 23 9 5 19 18 17 3 13 12 2 24
6 5 18 12 10 8 4 20 14 7 3 19 13
5 10 4 3 16 1 15 0 2 6 14 8 7
10 16 15 14 25 24 21 23 19 5 2 1 6
16 25 21 2 17 13 22 18 8 10 19 24 5
25 17 22 19 20 7 26 4 1 16 8 13 10
17 20 26 8 0 6 9 15 24 25 1 7 16

24 24 24 24 24 24 24 24 24 24 24 24 24
6 16 25 17 0 9 19 1 20 21 4 13 5
16 0 19 4 7 26 10 2 14 6 20 9 21
0 7 10 20 11 23 18 3 13 16 14 26 6
7 11 18 14 22 5 15 25 9 0 13 23 16
11 22 15 13 1 21 8 19 26 7 9 5 0
22 1 8 9 2 6 12 10 23 11 26 21 7
1 2 12 26 3 16 17 18 5 22 23 6 11
2 3 17 23 25 0 4 15 21 1 5 16 22
3 25 4 5 19 7 20 8 6 2 21 0 1
25 19 20 21 10 11 14 12 16 3 6 7 2
19 10 14 6 18 22 13 17 0 25 16 11 3
10 18 13 16 15 1 9 4 7 19 0 22 25
18 15 9 0 8 2 26 20 11 10 7 1 19
15 8 26 7 12 3 23 14 22 18 11 2 10
8 12 23 11 17 25 5 13 1 15 22 3 18
12 17 5 22 4 19 21 9 2 8 1 25 15
17 4 21 1 20 10 6 26 3 12 2 19 8
4 20 6 2 14 18 16 23 25 17 3 10 12
20 14 16 3 13 15 0 5 19 4 25 18 17
14 13 0 25 9 8 7 21 10 20 19 15 4
13 9 7 19 26 12 11 6 18 14 10 8 20
9 26 11 10 23 17 22 16 15 13 18 12 14
26 23 22 18 5 4 1 0 8 9 15 17 13
23 5 1 15 21 20 2 7 12 26 8 4 9
5 21 2 8 6 14 3 11 17 23 12 20 26
21 6 3 12 16 13 25 22 4 5 17 14 23

20 20 20 20 20 20 20 20 20 20 20 20 20
2 9 18 10 5 14 21 3 22 26 6 15 7
9 5 21 6 0 19 12 4 16 2 22 14 26
5 0 12 22 13 25 23 8 15 9 16 19 2
0 13 23 16 24 7 11 18 14 5 15 25 9
13 24 11 15 3 26 1 21 19 0 14 7 5
24 3 1 14 4 2 17 12 25 13 19 26 0
3 4 17 19 8 9 10 23 7 24 25 2 13
4 8 10 25 18 5 6 11 26 3 7 9 24
8 18 6 7 21 0 22 1 2 4 26 5 3
18 21 22 26 12 13 16 17 9 8 2 0 4
21 12 16 2 23 24 15 10 5 18 9 13 8
12 23 15 9 11 3 14 6 0 21 5 24 18
23 11 14 5 1 4 19 22 13 12 0 3 21
11 1 19 0 17 8 25 16 24 23 13 4 12
1 17 25 13 10 18 7 15 3 11 24 8 23
17 10 7 24 6 21 26 14 4 1 3 18 11
10 6 26 3 22 12 2 19 8 17 4 21 1
6 22 2 4 16 23 9 25 18 10 8 12 17
22 16 9 8 15 11 5 7 21 6 18 23 10
16 15 5 18 14 1 0 26 12 22 21 11 6
15 14 0 21 19 17 13 2 23 16 12 1 22
14 19 13 12 25 10 24 9 11 15 23 17 16
19 25 24 23 7 6 3 5 1 14 11 10 15
25 7 3 11 26 22 4 0 17 19 1 6 14
7 26 4 1 2 16 8 13 10 25 17 22 19
26 2 8 17 9 15 18 24 6 7 10 16 25

16 16 16 16 16 16 16 16 16 16 16 16 16
25 8 17 6 19 1 11 20 9 13 23 5 21
8 19 11 23 26 15 2 18 3 25 9 1 13
19 26 2 9 0 12 10 22 5 8 3 15 25
26 0 10 3 14 21 7 17 1 19 5 12 8
0 14 7 5 20 13 24 11 15 26 1 21 19
14 20 24 1 18 25 4 2 12 0 15 13 26
20 18 4 15 22 8 6 10 21 14 12 25 0
18 22 6 12 17 19 23 7 13 20 21 8 14
22 17 23 21 11 26 9 24 25 18 13 19 20
17 11 9 13 2 0 3 4 8 22 25 26 18
11 2 3 25 10 14 5 6 19 17 8 0 22
2 10 5 8 7 20 1 23 26 11 19 14 17
10 7 1 19 24 18 15 9 0 2 26 20 11
7 24 15 26 4 22 12 3 14 10 0 18 2
24 4 12 0 6 17 21 5 20 7 14 22 10
4 6 21 14 23 11 13 1 18 24 20 17 7
6 23 13 20 9 2 25 15 22 4 18 11 24
23 9 25 18 3 10 8 12 17 6 22 2 4
9 3 8 22 5 7 19 21 11 23 17 10 6
3 5 19 17 1 24 26 13 2 9 11 7 23
5 1 26 11 15 4 0 25 10 3 2 24 9
1 15 0 2 12 6 14 8 7 5 10 4 3
15 12 14 10 21 23 20 19 24 1 7 6 5
12 21 20 7 13 9 18 26 4 15 24 23 1
21 13 18 24 25 3 22 0 6 12 4 9 15
13 25 22 4 8 5 17 14 23 21 6 3 12

5 5 5 5 5 5 5 5 5 5 5 5 5
14 21 3 22 17 26 6 15 7 2 9 18 10
21 17 6 9 12 4 24 16 19 14 7 26 2
17 12 24 7 25 1 8 11 18 21 19 4 14
12 25 8 19 0 10 23 3 26 17 18 1 21
25 0 23 18 15 2 13 6 4 12 26 10 17
0 15 13 26 16 14 20 24 1 25 4 2 12
15 16 20 4 11 21 22 8 10 0 1 14 25
16 11 22 1 3 17 9 23 2 15 10 21 0
11 3 9 10 6 12 7 13 14 16 2 17 15
3 6 7 2 24 25 19 20 21 11 14 12 16
6 24 19 14 8 0 18 22 17 3 21 25 11
24 8 18 21 23 15 26 9 12 6 17 0 3
8 23 26 17 13 16 4 7 25 24 12 15 6
23 13 4 12 20 11 1 19 0 8 25 16 24
13 20 1 25 22 3 10 18 15 23 0 11 8
20 22 10 0 9 6 2 26 16 13 15 3 23
22 9 2 15 7 24 14 4 11 20 16 6 13
9 7 14 16 19 8 21 1 3 22 11 24 20
7 19 21 11 18 23 17 10 6 9 3 8 22
19 18 17 3 26 13 12 2 24 7 6 23 9
18 26 12 6 4 20 25 14 8 19 24 13 7
26 4 25 24 1 22 0 21 23 18 8 20 19
4 1 0 8 10 9 15 17 13 26 23 22 18
1 10 15 23 2 7 16 12 20 4 13 9 26
10 2 16 13 14 19 11 25 22 1 20 7 4
2 14 11 20 21 18 3 0 9 10 22 19 1

26 26 26 26 26 26 26 26 26 26 26 26 26
8 15 24 16 2 11 18 0 19 23 3 12 4
15 2 18 3 6 25 9 1 13 8 19 11 23
2 6 9 19 10 22 20 5 12 15 13 25 8
6 10 20 13 21 4 17 24 11 2 12 22 15
10 21 17 12 0 23 7 18 25 6 11 4 2
21 0 7 11 1 8 14 9 22 10 25 23 6
0 1 14 25 5 15 16 20 4 21 22 8 10
1 5 16 22 24 2 3 17 23 0 4 15 21
5 24 3 4 18 6 19 7 8 1 23 2 0
24 18 19 23 9 10 13 14 15 5 8 6 1
18 9 13 8 20 21 12 16 2 24 15 10 5
9 20 12 15 17 0 11 3 6 18 2 21 24
20 17 11 2 7 1 25 19 10 9 6 0 18
17 7 25 6 14 5 22 13 21 20 10 1 9
7 14 22 10 16 24 4 12 0 17 21 5 20
14 16 4 21 3 18 23 11 1 7 0 24 17
16 3 23 0 19 9 8 25 5 14 1 18 7
3 19 8 1 13 20 15 22 24 16 5 9 14
19 13 15 5 12 17 2 4 18 3 24 20 16
13 12 2 24 11 7 6 23 9 19 18 17 3
12 11 6 18 25 14 10 8 20 13 9 7 19
11 25 10 9 22 16 21 15 17 12 20 14 13
25 22 21 20 4 3 0 2 7 11 17 16 12
22 4 0 17 23 19 1 6 14 25 7 3 11
4 23 1 7 8 13 5 10 16 22 14 19 25
23 8 5 14 15 12 24 21 3 4 16 13 22

25 25 25 25 25 25 25 25 25 25 25 25 25
7 17 26 15 1 10 20 2 18 22 5 14 3
17 1 20 5 8 24 11 0 12 7 18 10 22
1 8 11 18 9 21 19 4 14 17 12 24 7
8 9 19 12 23 3 16 26 10 1 14 21 17
9 23 16 14 2 22 6 20 24 8 10 3 1
23 2 6 10 0 7 13 11 21 9 24 22 8
2 0 13 24 4 17 15 19 3 23 21 7 9
0 4 15 21 26 1 5 16 22 2 3 17 23
4 26 5 3 20 8 18 6 7 0 22 1 2
26 20 18 22 11 9 12 13 17 4 7 8 0
20 11 12 7 19 23 14 15 1 26 17 9 4
11 19 14 17 16 2 10 5 8 20 1 23 26
19 16 10 1 6 0 24 18 9 11 8 2 20
16 6 24 8 13 4 21 12 23 19 9 0 11
6 13 21 9 15 26 3 14 2 16 23 4 19
13 15 3 23 5 20 22 10 0 6 2 26 16
15 5 22 2 18 11 7 24 4 13 0 20 6
5 18 7 0 12 19 17 21 26 15 4 11 13
18 12 17 4 14 16 1 3 20 5 26 19 15
12 14 1 26 10 6 8 22 11 18 20 16 5
14 10 8 20 24 13 9 7 19 12 11 6 18
10 24 9 11 21 15 23 17 16 14 19 13 12
24 21 23 19 3 5 2 1 6 10 16 15 14
21 3 2 16 22 18 0 8 13 24 6 5 10
3 22 0 6 7 12 4 9 15 21 13 18 24
22 7 4 13 17 14 26 23 5 3 15 12 21

21 21 21 21 21 21 21 21 21 21 21 21 21
3 13 22 14 6 15 25 7 26 18 1 10 2
13 6 25 1 4 23 16 8 11 3 26 15 18
6 4 16 26 17 20 24 0 10 13 11 23 3
4 17 24 11 19 2 12 22 15 6 10 20 13
17 19 12 10 7 18 5 25 23 4 15 2 6
19 7 5 15 8 3 9 16 20 17 23 18 4
7 8 9 23 0 13 14 24 2 19 20 3 17
8 0 14 20 22 6 1 12 18 7 2 13 19
0 22 1 2 25 4 26 5 3 8 18 6 7
22 25 26 18 16 17 11 9 13 0 3 4 8
25 16 11 3 24 19 10 14 6 22 13 17 0
16 24 10 13 12 7 15 1 4 25 6 19 22
24 12 15 6 5 8 23 26 17 16 4 7 25
12 5 23 4 9 0 20 11 19 24 17 8 16
5 9 20 17 14 22 2 10 7 12 19 0 24
9 14 2 19 1 25 18 15 8 5 7 22 12
14 1 18 7 26 16 3 23 0 9 8 25 5
1 26 3 8 11 24 13 20 22 14 0 16 9
26 11 13 0 10 12 6 2 25 1 22 24 14
11 10 6 22 15 5 4 18 16 26 25 12 1
10 15 4 25 23 9 17 3 24 11 16 5 26
15 23 17 16 20 14 19 13 12 10 24 9 11
23 20 19 24 2 1 7 6 5 15 12 14 10
20 2 7 12 18 26 8 4 9 23 5 1 15
2 18 8 5 3 11 0 17 14 20 9 26 23
18 3 0 9 13 10 22 19 1 2 14 11 20

2 2 2 2 2 2 2 2 2 2 2 2 2
11 18 0 19 14 23 3 12 4 8 15 24 16
18 14 3 15 9 1 21 13 25 11 4 23 8
14 9 21 4 22 7 5 17 24 18 25 1 11
9 22 5 25 6 16 20 0 23 14 24 7 18
22 6 20 24 12 8 10 3 1 9 23 16 14
6 12 10 23 13 11 26 21 7 22 1 8 9
12 13 26 1 17 18 19 5 16 6 7 11 22
13 17 19 7 0 14 15 20 8 12 16 18 6
17 0 15 16 3 9 4 10 11 13 8 14 12
0 3 4 8 21 22 25 26 18 17 11 9 13
3 21 25 11 5 6 24 19 14 0 18 22 17
21 5 24 18 20 12 23 15 9 3 14 6 0
5 20 23 14 10 13 1 4 22 21 9 12 3
20 10 1 9 26 17 7 25 6 5 22 13 21
10 26 7 22 19 0 16 24 12 20 6 17 5
26 19 16 6 15 3 8 23 13 10 12 0 20
19 15 8 12 4 21 11 1 17 26 13 3 10
15 4 11 13 25 5 18 7 0 19 17 21 26
4 25 18 17 24 20 14 16 3 15 0 5 19
25 24 14 0 23 10 9 8 21 4 3 20 15
24 23 9 3 1 26 22 11 5 25 21 10 4
23 1 22 21 7 19 6 18 20 24 5 26 25
1 7 6 5 16 15 12 14 10 23 20 19 24
7 16 12 20 8 4 13 9 26 1 10 15 23
16 8 13 10 11 25 17 22 19 7 26 4 1
8 11 17 26 18 24 0 6 15 16 19 25 7

8 8 8 8 8 8 8 8 8 8 8 8 8
17 24 6 25 11 20 0 9 1 5 12 21 13
24 11 0 12 15 7 18 10 22 17 1 20 5
11 15 18 1 19 4 2 14 21 24 22 7 17
15 19 2 22 3 13 26 6 20 11 21 4 24
19 3 26 21 9 5 16 0 7 15 20 13 11
3 9 16 20 10 17 23 18 4 19 7 5 15
9 10 23 7 14 24 25 2 13 3 4 17 19
10 14 25 4 6 11 12 26 5 9 13 24 3
14 6 12 13 0 15 1 16 17 10 5 11 9
6 0 1 5 18 19 22 23 24 14 17 15 10
0 18 22 17 2 3 21 25 11 6 24 19 14
18 2 21 24 26 9 20 12 15 0 11 3 6
2 26 20 11 16 10 7 1 19 18 15 9 0
26 16 7 15 23 14 4 22 3 2 19 10 18
16 23 4 19 25 6 13 21 9 26 3 14 2
23 25 13 3 12 0 5 20 10 16 9 6 26
25 12 5 9 1 18 17 7 14 23 10 0 16
12 1 17 10 22 2 24 4 6 25 14 18 23
1 22 24 14 21 26 11 13 0 12 6 2 25
22 21 11 6 20 16 15 5 18 1 0 26 12
21 20 15 0 7 23 19 17 2 22 18 16 1
20 7 19 18 4 25 3 24 26 21 2 23 22
7 4 3 2 13 12 9 11 16 20 26 25 21
4 13 9 26 5 1 10 15 23 7 16 12 20
13 5 10 16 17 22 14 19 25 4 23 1 7
5 17 14 23 24 21 6 3 12 13 25 22 4

17 17 17 17 17 17 17 17 17 17 17 17 17
26 6 15 7 20 2 9 18 10 14 21 3 22
6 20 9 21 24 16 0 19 4 26 10 2 14
20 24 0 10 1 13 11 23 3 6 4 16 26
24 1 11 4 12 22 8 15 2 20 3 13 6
1 12 8 3 18 14 25 9 16 24 2 22 20
12 18 25 2 19 26 5 0 13 1 16 14 24
18 19 5 16 23 6 7 11 22 12 13 26 1
19 23 7 13 15 20 21 8 14 18 22 6 12
23 15 21 22 9 24 10 25 26 19 14 20 18
15 9 10 14 0 1 4 5 6 23 26 24 19
9 0 4 26 11 12 3 7 20 15 6 1 23
0 11 3 6 8 18 2 21 24 9 20 12 15
11 8 2 20 25 19 16 10 1 0 24 18 9
8 25 16 24 5 23 13 4 12 11 1 19 0
25 5 13 1 7 15 22 3 18 8 12 23 11
5 7 22 12 21 9 14 2 19 25 18 15 8
7 21 14 18 10 0 26 16 23 5 19 9 25
21 10 26 19 4 11 6 13 15 7 23 0 5
10 4 6 23 3 8 20 22 9 21 15 11 7
4 3 20 15 2 25 24 14 0 10 9 8 21
3 2 24 9 16 5 1 26 11 4 0 25 10
2 16 1 0 13 7 12 6 8 3 11 5 4
16 13 12 11 22 21 18 20 25 2 8 7 3
13 22 18 8 14 10 19 24 5 16 25 21 2
22 14 19 25 26 4 23 1 7 13 5 10 16
14 26 23 5 6 3 15 12 21 22 7 4 13

6 6 6 6 6 6 6 6 6 6 6 6 6
15 25 7 26 9 18 1 10 2 3 13 22 14
25 9 1 13 16 8 19 11 23 15 2 18 3
9 16 19 2 20 5 0 12 22 25 23 8 15
16 20 0 23 4 14 24 7 18 9 22 5 25
20 4 24 22 10 3 17 1 8 16 18 14 9
4 10 17 18 11 15 21 19 5 20 8 3 16
10 11 21 8 12 25 26 0 14 4 5 15 20
11 12 26 5 7 9 13 24 3 10 14 25 4
12 7 13 14 1 16 2 17 15 11 3 9 10
7 1 2 3 19 20 23 21 25 12 15 16 11
1 19 23 15 0 4 22 26 9 7 25 20 12
19 0 22 25 24 10 18 13 16 1 9 4 7
0 24 18 9 17 11 8 2 20 19 16 10 1
24 17 8 16 21 12 5 23 4 0 20 11 19
17 21 5 20 26 7 14 22 10 24 4 12 0
21 26 14 4 13 1 3 18 11 17 10 7 24
26 13 3 10 2 19 15 8 12 21 11 1 17
13 2 15 11 23 0 25 5 7 26 12 19 21
2 23 25 12 22 24 9 14 1 13 7 0 26
23 22 9 7 18 17 16 3 19 2 1 24 13
22 18 16 1 8 21 20 15 0 23 19 17 2
18 8 20 19 5 26 4 25 24 22 0 21 23
8 5 4 0 14 13 10 9 17 18 24 26 22
5 14 10 24 3 2 11 16 21 8 17 13 18
14 3 11 17 15 23 12 20 26 5 21 2 8
3 15 12 21 25 22 7 4 13 14 26 23 5
