0 0 0 0 0 0
16 1 6 23 49 32
32 19 60 15 2 49
49 39 9 31 20 2
2 30 35 63 8 20
20 44 54 14 48 8
8 41 45 12 17 48
48 18 58 24 51 17
17 52 53 16 22 51
51 57 42 32 28 22
22 50 21 49 56 28
28 5 27 2 33 56
56 59 23 20 34 33
33 38 15 8 37 34
34 13 31 48 10 37
37 11 63 17 36 10
10 55 14 51 25 36
36 62 12 22 3 25
25 29 24 28 7 3
3 43 16 56 47 7
7 6 32 33 46 47
47 60 49 34 61 46
46 9 2 37 26 61
61 35 20 10 4 26
26 54 8 36 40 4
4 45 48 25 1 40
40 58 17 3 19 1
1 53 51 7 39 19
19 42 22 47 30 39
39 21 28 46 44 30
30 27 56 61 41 44
44 23 33 26 18 41
41 15 34 4 52 18
18 31 37 40 57 52
52 63 10 1 50 57
57 14 36 19 5 50
50 12 25 39 59 5
5 24 3 30 38 59
59 16 7 44 13 38
38 32 47 41 11 13
13 49 46 18 55 11
11 2 61 52 62 55
55 20 26 57 29 62
62 8 4 50 43 29
29 48 40 5 6 43
43 17 1 59 60 6
6 51 19 38 9 60
60 22 39 13 35 9
9 28 30 11 54 35
35 56 44 55 45 54
54 33 41 62 58 45
45 34 18 29 53 58
58 37 52 43 42 53
53 10 57 6 21 42
42 36 50 60 27 21
21 25 5 9 23 27
27 3 59 35 15 23
23 7 38 54 31 15
15 47 13 45 63 31
31 46 11 58 14 63
63 61 55 53 12 14
14 26 62 42 24 12
12 4 29 21 16 24
24 40 43 27 32 16

16 16 16 16 16 16
0 17 22 7 33 48
48 3 44 31 18 33
33 55 25 15 4 18
18 14 51 47 24 4
4 60 38 30 32 24
24 57 61 28 1 32
32 2 42 8 35 1
1 36 37 0 6 35
35 41 58 48 12 6
6 34 5 33 40 12
12 21 11 18 49 40
40 43 7 4 50 49
49 54 31 24 53 50
50 29 15 32 26 53
53 27 47 1 52 26
26 39 30 35 9 52
52 46 28 6 19 9
9 13 8 12 23 19
19 59 0 40 63 23
23 22 48 49 62 63
63 44 33 50 45 62
62 25 18 53 10 45
45 51 4 26 20 10
10 38 24 52 56 20
20 61 32 9 17 56
56 42 1 19 3 17
17 37 35 23 55 3
3 58 6 63 14 55
55 5 12 62 60 14
14 11 40 45 57 60
60 7 49 10 2 57
57 31 50 20 36 2
2 15 53 56 41 36
36 47 26 17 34 41
41 30 52 3 21 34
34 28 9 55 43 21
21 8 19 14 54 43
43 0 23 60 29 54
54 48 63 57 27 29
29 33 62 2 39 27
27 18 45 36 46 39
39 4 10 41 13 46
46 24 20 34 59 13
13 32 56 21 22 59
59 1 17 43 44 22
22 35 3 54 25 44
44 6 55 29 51 25
25 12 14 27 38 51
51 40 60 39 61 38
38 49 57 46 42 61
61 50 2 13 37 42
42 53 36 59 58 37
37 26 41 22 5 58
58 52 34 44 11 5
5 9 21 25 7 11
11 19 43 51 31 7
7 23 54 38 15 31
31 63 29 61 47 15
15 62 27 42 30 47
47 45 39 37 28 30
30 10 46 58 8 28
28 20 13 5 0 8
8 56 59 11 48 0

32 32 32 32 32 32
48 33 38 55 17 0
0 51 28 47 34 17
17 7 41 63 52 34
34 62 3 31 40 52
52 12 22 46 16 40
40 9 13 44 49 16
16 50 26 56 19 49
49 20 21 48 54 19
19 25 10 0 60 54
54 18 53 17 24 60
60 37 59 34 1 24
24 27 55 52 2 1
1 6 47 40 5 2
2 45 63 16 42 5
5 43 31 49 4 42
42 23 46 19 57 4
4 30 44 54 35 57
57 61 56 60 39 35
35 11 48 24 15 39
39 38 0 1 14 15
15 28 17 2 29 14
14 41 34 5 58 29
29 3 52 42 36 58
58 22 40 4 8 36
36 13 16 57 33 8
8 26 49 35 51 33
33 21 19 39 7 51
51 10 54 15 62 7
7 53 60 14 12 62
62 59 24 29 9 12
12 55 1 58 50 9
9 47 2 36 20 50
50 63 5 8 25 20
20 31 42 33 18 25
25 46 4 51 37 18
18 44 57 7 27 37
37 56 35 62 6 27
27 48 39 12 45 6
6 0 15 9 43 45
45 17 14 50 23 43
43 34 29 20 30 23
23 52 58 25 61 30
30 40 36 18 11 61
61 16 8 37 38 11
11 49 33 27 28 38
38 19 51 6 41 28
28 54 7 45 3 41
41 60 62 43 22 3
3 24 12 23 13 22
22 1 9 30 26 13
13 2 50 61 21 26
26 5 20 11 10 21
21 42 25 38 53 10
10 4 18 28 59 53
53 57 37 41 55 59
59 35 27 3 47 55
55 39 6 22 63 47
47 15 45 13 31 63
63 14 43 26 46 31
31 29 23 21 44 46
46 58 30 10 56 44
44 36 61 53 48 56
56 8 11 59 0 48

49 49 49 49 49 49
33 48 55 38 0 17
17 34 13 62 51 0
0 22 56 46 37 51
51 47 18 14 57 37
37 29 7 63 1 57
57 24 28 61 32 1
1 35 11 41 2 32
32 5 4 33 39 2
2 8 27 17 45 39
39 3 36 0 9 45
45 52 42 51 16 9
9 10 38 37 19 16
16 23 62 57 20 19
19 60 46 1 59 20
20 58 14 32 21 59
59 6 63 2 40 21
21 15 61 39 50 40
40 44 41 45 54 50
50 26 33 9 30 54
54 55 17 16 31 30
30 13 0 19 12 31
31 56 51 20 43 12
12 18 37 59 53 43
43 7 57 21 25 53
53 28 1 40 48 25
25 11 32 50 34 48
48 4 2 54 22 34
34 27 39 30 47 22
22 36 45 31 29 47
47 42 9 12 24 29
29 38 16 43 35 24
24 62 19 53 5 35
35 46 20 25 8 5
5 14 59 48 3 8
8 63 21 34 52 3
3 61 40 22 10 52
52 41 50 47 23 10
10 33 54 29 60 23
23 17 30 24 58 60
60 0 31 35 6 58
58 51 12 5 15 6
6 37 43 8 44 15
15 57 53 3 26 44
44 1 25 52 55 26
26 32 48 10 13 55
55 2 34 23 56 13
13 39 22 60 18 56
56 45 47 58 7 18
18 9 29 6 28 7
7 16 24 15 11 28
28 19 35 44 4 11
11 20 5 26 27 4
4 59 8 55 36 27
27 21 3 13 42 36
36 40 52 56 38 42
42 50 10 18 62 38
38 54 23 7 46 62
62 30 60 28 14 46
46 31 58 11 63 14
14 12 6 4 61 63
63 43 15 27 41 61
61 53 44 36 33 41
41 25 26 42 17 33

2 2 2 2 2 2
18 3 4 21 51 34
34 17 62 13 0 51
51 37 11 29 22 0
0 28 33 61 10 22
22 46 52 12 50 10
10 43 47 14 19 50
50 16 56 26 49 19
19 54 55 18 20 49
49 59 40 34 30 20
20 48 23 51 58 30
30 7 25 0 35 58
58 57 21 22 32 35
35 36 13 10 39 32
32 15 29 50 8 39
39 9 61 19 38 8
8 53 12 49 27 38
38 60 14 20 1 27
27 31 26 30 5 1
1 41 18 58 45 5
5 4 34 35 44 45
45 62 51 32 63 44
44 11 0 39 24 63
63 33 22 8 6 24
24 52 10 38 42 6
6 47 50 27 3 42
42 56 19 1 17 3
3 55 49 5 37 17
17 40 20 45 28 37
37 23 30 44 46 28
28 25 58 63 43 46
46 21 35 24 16 43
43 13 32 6 54 16
16 29 39 42 59 54
54 61 8 3 48 59
59 12 38 17 7 48
48 14 27 37 57 7
7 26 1 28 36 57
57 18 5 46 15 36
36 34 45 43 9 15
15 51 44 16 53 9
9 0 63 54 60 53
53 22 24 59 31 60
60 10 6 48 41 31
31 50 42 7 4 41
41 19 3 57 62 4
4 49 17 36 11 62
62 20 37 15 33 11
11 30 28 9 52 33
33 58 46 53 47 52
52 35 43 60 56 47
47 32 16 31 55 56
56 39 54 41 40 55
55 8 59 4 23 40
40 38 48 62 25 23
23 27 7 11 21 25
25 1 57 33 13 21
21 5 36 52 29 13
13 45 15 47 61 29
29 44 9 56 12 61
61 63 53 55 14 12
12 24 60 40 26 14
14 6 31 23 18 26
26 42 41 25 34 18

20 20 20 20 20 20
4 21 18 3 37 52
52 7 40 27 22 37
37 51 29 11 0 22
22 10 55 43 28 0
0 56 34 26 36 28
28 61 57 24 5 36
36 6 46 12 39 5
5 32 33 4 2 39
39 45 62 52 8 2
2 38 1 37 44 8
8 17 15 22 53 44
44 47 3 0 54 53
53 50 27 28 49 54
54 25 11 36 30 49
49 31 43 5 48 30
30 35 26 39 13 48
48 42 24 2 23 13
13 9 12 8 19 23
23 63 4 44 59 19
19 18 52 53 58 59
59 40 37 54 41 58
58 29 22 49 14 41
41 55 0 30 16 14
14 34 28 48 60 16
16 57 36 13 21 60
60 46 5 23 7 21
21 33 39 19 51 7
7 62 2 59 10 51
51 1 8 58 56 10
10 15 44 41 61 56
56 3 53 14 6 61
61 27 54 16 32 6
6 11 49 60 45 32
32 43 30 21 38 45
45 26 48 7 17 38
38 24 13 51 47 17
17 12 23 10 50 47
47 4 19 56 25 50
50 52 59 61 31 25
25 37 58 6 35 31
31 22 41 32 42 35
35 0 14 45 9 42
42 28 16 38 63 9
9 36 60 17 18 63
63 5 21 47 40 18
18 39 7 50 29 40
40 2 51 25 55 29
29 8 10 31 34 55
55 44 56 35 57 34
34 53 61 42 46 57
57 54 6 9 33 46
46 49 32 63 62 33
33 30 45 18 1 62
62 48 38 40 15 1
1 13 17 29 3 15
15 23 47 55 27 3
3 19 50 34 11 27
27 59 25 57 43 11
11 58 31 46 26 43
43 41 35 33 24 26
26 14 42 62 12 24
24 16 9 1 4 12
12 60 63 15 52 4

8 8 8 8 8 8
24 9 14 31 57 40
40 27 52 7 10 57
57 47 1 23 28 10
10 22 43 55 0 28
28 36 62 6 56 0
0 33 37 4 25 56
56 26 50 16 59 25
25 60 61 24 30 59
59 49 34 40 20 30
30 58 29 57 48 20
20 13 19 10 41 48
48 51 31 28 42 41
41 46 7 0 45 42
42 5 23 56 2 45
45 3 55 25 44 2
2 63 6 59 17 44
44 54 4 30 11 17
17 21 16 20 15 11
11 35 24 48 39 15
15 14 40 41 38 39
39 52 57 42 53 38
38 1 10 45 18 53
53 43 28 2 12 18
18 62 0 44 32 12
12 37 56 17 9 32
32 50 25 11 27 9
9 61 59 15 47 27
27 34 30 39 22 47
47 29 20 38 36 22
22 19 48 53 33 36
36 31 41 18 26 33
33 7 42 12 60 26
26 23 45 32 49 60
60 55 2 9 58 49
49 6 44 27 13 58
58 4 17 47 51 13
13 16 11 22 46 51
51 24 15 36 5 46
46 40 39 33 3 5
5 57 38 26 63 3
3 10 53 60 54 63
63 28 18 49 21 54
54 0 12 58 35 21
21 56 32 13 14 35
35 25 9 51 52 14
14 59 27 46 1 52
52 30 47 5 43 1
1 20 22 3 62 43
43 48 36 63 37 62
62 41 33 54 50 37
37 42 26 21 61 50
50 45 60 35 34 61
61 2 49 14 29 34
34 44 58 52 19 29
29 17 13 1 31 19
19 11 51 43 7 31
31 15 46 62 23 7
7 39 5 37 55 23
23 38 3 50 6 55
55 53 63 61 4 6
6 18 54 34 16 4
4 12 21 29 24 16
16 32 35 19 40 24

48 48 48 48 48 48
32 49 54 39 1 16
16 35 12 63 50 1
1 23 57 47 36 50
50 46 19 15 56 36
36 28 6 62 0 56
56 25 29 60 33 0
0 34 10 40 3 33
33 4 5 32 38 3
3 9 26 16 44 38
38 2 37 1 8 44
44 53 43 50 17 8
8 11 39 36 18 17
17 22 63 56 21 18
18 61 47 0 58 21
21 59 15 33 20 58
58 7 62 3 41 20
20 14 60 38 51 41
41 45 40 44 55 51
51 27 32 8 31 55
55 54 16 17 30 31
31 12 1 18 13 30
30 57 50 21 42 13
13 19 36 58 52 42
42 6 56 20 24 52
52 29 0 41 49 24
24 10 33 51 35 49
49 5 3 55 23 35
35 26 38 31 46 23
23 37 44 30 28 46
46 43 8 13 25 28
28 39 17 42 34 25
25 63 18 52 4 34
34 47 21 24 9 4
4 15 58 49 2 9
9 62 20 35 53 2
2 60 41 23 11 53
53 40 51 46 22 11
11 32 55 28 61 22
22 16 31 25 59 61
61 1 30 34 7 59
59 50 13 4 14 7
7 36 42 9 45 14
14 56 52 2 27 45
45 0 24 53 54 27
27 33 49 11 12 54
54 3 35 22 57 12
12 38 23 61 19 57
57 44 46 59 6 19
19 8 28 7 29 6
6 17 25 14 10 29
29 18 34 45 5 10
10 21 4 27 26 5
5 58 9 54 37 26
26 20 2 12 43 37
37 41 53 57 39 43
43 51 11 19 63 39
39 55 22 6 47 63
63 31 61 29 15 47
47 30 59 10 62 15
15 13 7 5 60 62
62 42 14 26 40 60
60 52 45 37 32 40
40 24 27 43 16 32

17 17 17 17 17 17
1 16 23 6 32 49
49 2 45 30 19 32
32 54 24 14 5 19
19 15 50 46 25 5
5 61 39 31 33 25
25 56 60 29 0 33
33 3 43 9 34 0
0 37 36 1 7 34
34 40 59 49 13 7
7 35 4 32 41 13
13 20 10 19 48 41
41 42 6 5 51 48
48 55 30 25 52 51
51 28 14 33 27 52
52 26 46 0 53 27
27 38 31 34 8 53
53 47 29 7 18 8
8 12 9 13 22 18
18 58 1 41 62 22
22 23 49 48 63 62
62 45 32 51 44 63
63 24 19 52 11 44
44 50 5 27 21 11
11 39 25 53 57 21
21 60 33 8 16 57
57 43 0 18 2 16
16 36 34 22 54 2
2 59 7 62 15 54
54 4 13 63 61 15
15 10 41 44 56 61
61 6 48 11 3 56
56 30 51 21 37 3
3 14 52 57 40 37
37 46 27 16 35 40
40 31 53 2 20 35
35 29 8 54 42 20
20 9 18 15 55 42
42 1 22 61 28 55
55 49 62 56 26 28
28 32 63 3 38 26
26 19 44 37 47 38
38 5 11 40 12 47
47 25 21 35 58 12
12 33 57 20 23 58
58 0 16 42 45 23
23 34 2 55 24 45
45 7 54 28 50 24
24 13 15 26 39 50
50 41 61 38 60 39
39 48 56 47 43 60
60 51 3 12 36 43
43 52 37 58 59 36
36 27 40 23 4 59
59 53 35 45 10 4
4 8 20 24 6 10
10 18 42 50 30 6
6 22 55 39 14 30
30 62 28 60 46 14
14 63 26 43 31 46
46 44 38 36 29 31
31 11 47 59 9 29
29 21 12 4 1 9
9 57 58 10 49 1

51 51 51 51 51 51
35 50 53 36 2 19
19 32 15 60 49 2
2 20 58 44 39 49
49 45 16 12 59 39
39 31 5 61 3 59
59 26 30 63 34 3
3 33 9 43 0 34
34 7 6 35 37 0
0 10 25 19 47 37
37 1 38 2 11 47
47 54 40 49 18 11
11 8 36 39 17 18
18 21 60 59 22 17
17 62 44 3 57 22
22 56 12 34 23 57
57 4 61 0 42 23
23 13 63 37 48 42
42 46 43 47 52 48
48 24 35 11 28 52
52 53 19 18 29 28
28 15 2 17 14 29
29 58 49 22 41 14
14 16 39 57 55 41
41 5 59 23 27 55
55 30 3 42 50 27
27 9 34 48 32 50
50 6 0 52 20 32
32 25 37 28 45 20
20 38 47 29 31 45
45 40 11 14 26 31
31 36 18 41 33 26
26 60 17 55 7 33
33 44 22 27 10 7
7 12 57 50 1 10
10 61 23 32 54 1
1 63 42 20 8 54
54 43 48 45 21 8
8 35 52 31 62 21
21 19 28 26 56 62
62 2 29 33 4 56
56 49 14 7 13 4
4 39 41 10 46 13
13 59 55 1 24 46
46 3 27 54 53 24
24 34 50 8 15 53
53 0 32 21 58 15
15 37 20 62 16 58
58 47 45 56 5 16
16 11 31 4 30 5
5 18 26 13 9 30
30 17 33 46 6 9
9 22 7 24 25 6
6 57 10 53 38 25
25 23 1 15 40 38
38 42 54 58 36 40
40 48 8 16 60 36
36 52 21 5 44 60
60 28 62 30 12 44
44 29 56 9 61 12
12 14 4 6 63 61
61 41 13 25 43 63
63 55 46 38 35 43
43 27 24 40 19 35

22 22 22 22 22 22
6 23 16 1 39 54
54 5 42 25 20 39
39 49 31 9 2 20
20 8 53 41 30 2
2 58 32 24 38 30
30 63 59 26 7 38
38 4 44 14 37 7
7 34 35 6 0 37
37 47 60 54 10 0
0 36 3 39 46 10
10 19 13 20 55 46
46 45 1 2 52 55
55 48 25 30 51 52
52 27 9 38 28 51
51 29 41 7 50 28
28 33 24 37 15 50
50 40 26 0 21 15
15 11 14 10 17 21
21 61 6 46 57 17
17 16 54 55 56 57
57 42 39 52 43 56
56 31 20 51 12 43
43 53 2 28 18 12
12 32 30 50 62 18
18 59 38 15 23 62
62 44 7 21 5 23
23 35 37 17 49 5
5 60 0 57 8 49
49 3 10 56 58 8
8 13 46 43 63 58
58 1 55 12 4 63
63 25 52 18 34 4
4 9 51 62 47 34
34 41 28 23 36 47
47 24 50 5 19 36
36 26 15 49 45 19
19 14 21 8 48 45
45 6 17 58 27 48
48 54 57 63 29 27
27 39 56 4 33 29
29 20 43 34 40 33
33 2 12 47 11 40
40 30 18 36 61 11
11 38 62 19 16 61
61 7 23 45 42 16
16 37 5 48 31 42
42 0 49 27 53 31
31 10 8 29 32 53
53 46 58 33 59 32
32 55 63 40 44 59
59 52 4 11 35 44
44 51 34 61 60 35
35 28 47 16 3 60
60 50 36 42 13 3
3 15 19 31 1 13
13 21 45 53 25 1
1 17 48 32 9 25
25 57 27 59 41 9
9 56 29 44 24 41
41 43 33 35 26 24
24 12 40 60 14 26
26 18 11 3 6 14
14 62 61 13 54 6

28 28 28 28 28 28
12 29 26 11 45 60
60 15 32 19 30 45
45 59 21 3 8 30
30 2 63 35 20 8
8 48 42 18 44 20
20 53 49 16 13 44
44 14 38 4 47 13
13 40 41 12 10 47
47 37 54 60 0 10
10 46 9 45 36 0
0 25 7 30 61 36
36 39 11 8 62 61
61 58 19 20 57 62
62 17 3 44 22 57
57 23 35 13 56 22
22 43 18 47 5 56
56 34 16 10 31 5
5 1 4 0 27 31
31 55 12 36 51 27
27 26 60 61 50 51
51 32 45 62 33 50
50 21 30 57 6 33
33 63 8 22 24 6
6 42 20 56 52 24
24 49 44 5 29 52
52 38 13 31 15 29
29 41 47 27 59 15
15 54 10 51 2 59
59 9 0 50 48 2
2 7 36 33 53 48
48 11 61 6 14 53
53 19 62 24 40 14
14 3 57 52 37 40
40 35 22 29 46 37
37 18 56 15 25 46
46 16 5 59 39 25
25 4 31 2 58 39
39 12 27 48 17 58
58 60 51 53 23 17
17 45 50 14 43 23
23 30 33 40 34 43
43 8 6 37 1 34
34 20 24 46 55 1
1 44 52 25 26 55
55 13 29 39 32 26
26 47 15 58 21 32
32 10 59 17 63 21
21 0 2 23 42 63
63 36 48 43 49 42
42 61 53 34 38 49
49 62 14 1 41 38
38 57 40 55 54 41
41 22 37 26 9 54
54 56 46 32 7 9
9 5 25 21 11 7
7 31 39 63 19 11
11 27 58 42 3 19
19 51 17 49 35 3
3 50 23 38 18 35
35 33 43 41 16 18
18 6 34 54 4 16
16 24 1 9 12 4
4 52 55 7 60 12

56 56 56 56 56 56
40 57 62 47 9 24
24 43 4 55 58 9
9 31 49 39 44 58
58 38 27 7 48 44
44 20 14 54 8 48
48 17 21 52 41 8
8 42 2 32 11 41
41 12 13 40 46 11
11 1 18 24 36 46
46 10 45 9 0 36
36 61 35 58 25 0
0 3 47 44 26 25
25 30 55 48 29 26
26 53 39 8 50 29
29 51 7 41 28 50
50 15 54 11 33 28
28 6 52 46 59 33
33 37 32 36 63 59
59 19 40 0 23 63
63 62 24 25 22 23
23 4 9 26 5 22
22 49 58 29 34 5
5 27 44 50 60 34
34 14 48 28 16 60
60 21 8 33 57 16
16 2 41 59 43 57
57 13 11 63 31 43
43 18 46 23 38 31
31 45 36 22 20 38
38 35 0 5 17 20
20 47 25 34 42 17
17 55 26 60 12 42
42 39 29 16 1 12
12 7 50 57 10 1
1 54 28 43 61 10
10 52 33 31 3 61
61 32 59 38 30 3
3 40 63 20 53 30
30 24 23 17 51 53
53 9 22 42 15 51
51 58 5 12 6 15
15 44 34 1 37 6
6 48 60 10 19 37
37 8 16 61 62 19
19 41 57 3 4 62
62 11 43 30 49 4
4 46 31 53 27 49
49 36 38 51 14 27
27 0 20 15 21 14
14 25 17 6 2 21
21 26 42 37 13 2
2 29 12 19 18 13
13 50 1 62 45 18
18 28 10 4 35 45
45 33 61 49 47 35
35 59 3 27 55 47
47 63 30 14 39 55
55 23 53 21 7 39
39 22 51 2 54 7
7 5 15 13 52 54
54 34 6 18 32 52
52 60 37 45 40 32
32 16 19 35 24 40

33 33 33 33 33 33
49 32 39 54 16 1
1 50 29 46 35 16
16 6 40 62 53 35
35 63 2 30 41 53
53 13 23 47 17 41
41 8 12 45 48 17
17 51 27 57 18 48
48 21 20 49 55 18
18 24 11 1 61 55
55 19 52 16 25 61
61 36 58 35 0 25
25 26 54 53 3 0
0 7 46 41 4 3
3 44 62 17 43 4
4 42 30 48 5 43
43 22 47 18 56 5
5 31 45 55 34 56
56 60 57 61 38 34
34 10 49 25 14 38
38 39 1 0 15 14
14 29 16 3 28 15
15 40 35 4 59 28
28 2 53 43 37 59
59 23 41 5 9 37
37 12 17 56 32 9
9 27 48 34 50 32
32 20 18 38 6 50
50 11 55 14 63 6
6 52 61 15 13 63
63 58 25 28 8 13
13 54 0 59 51 8
8 46 3 37 21 51
51 62 4 9 24 21
21 30 43 32 19 24
24 47 5 50 36 19
19 45 56 6 26 36
36 57 34 63 7 26
26 49 38 13 44 7
7 1 14 8 42 44
44 16 15 51 22 42
42 35 28 21 31 22
22 53 59 24 60 31
31 41 37 19 10 60
60 17 9 36 39 10
10 48 32 26 29 39
39 18 50 7 40 29
29 55 6 44 2 40
40 61 63 42 23 2
2 25 13 22 12 23
23 0 8 31 27 12
12 3 51 60 20 27
27 4 21 10 11 20
20 43 24 39 52 11
11 5 19 29 58 52
52 56 36 40 54 58
58 34 26 2 46 54
54 38 7 23 62 46
46 14 44 12 30 62
62 15 42 27 47 30
30 28 22 20 45 47
47 59 31 11 57 45
45 37 60 52 49 57
57 9 10 58 1 49

34 34 34 34 34 34
50 35 36 53 19 2
2 49 30 45 32 19
19 5 43 61 54 32
32 60 1 29 42 54
54 14 20 44 18 42
42 11 15 46 51 18
18 48 24 58 17 51
51 22 23 50 52 17
17 27 8 2 62 52
52 16 55 19 26 62
62 39 57 32 3 26
26 25 53 54 0 3
3 4 45 42 7 0
0 47 61 18 40 7
7 41 29 51 6 40
40 21 44 17 59 6
6 28 46 52 33 59
59 63 58 62 37 33
33 9 50 26 13 37
37 36 2 3 12 13
13 30 19 0 31 12
12 43 32 7 56 31
31 1 54 40 38 56
56 20 42 6 10 38
38 15 18 59 35 10
10 24 51 33 49 35
35 23 17 37 5 49
49 8 52 13 60 5
5 55 62 12 14 60
60 57 26 31 11 14
14 53 3 56 48 11
11 45 0 38 22 48
48 61 7 10 27 22
22 29 40 35 16 27
27 44 6 49 39 16
16 46 59 5 25 39
39 58 33 60 4 25
25 50 37 14 47 4
4 2 13 11 41 47
47 19 12 48 21 41
41 32 31 22 28 21
21 54 56 27 63 28
28 42 38 16 9 63
63 18 10 39 36 9
9 51 35 25 30 36
36 17 49 4 43 30
30 52 5 47 1 43
43 62 60 41 20 1
1 26 14 21 15 20
20 3 11 28 24 15
15 0 48 63 23 24
24 7 22 9 8 23
23 40 27 36 55 8
8 6 16 30 57 55
55 59 39 43 53 57
57 33 25 1 45 53
53 37 4 20 61 45
45 13 47 15 29 61
61 12 41 24 44 29
29 31 21 23 46 44
44 56 28 8 58 46
46 38 63 55 50 58
58 10 9 57 2 50

37 37 37 37 37 37
53 36 35 50 20 5
5 54 25 42 39 20
20 2 44 58 49 39
39 59 6 26 45 49
49 9 19 43 21 45
45 12 8 41 52 21
21 55 31 61 22 52
52 17 16 53 51 22
22 28 15 5 57 51
51 23 48 20 29 57
57 32 62 39 4 29
29 30 50 49 7 4
4 3 42 45 0 7
7 40 58 21 47 0
0 46 26 52 1 47
47 18 43 22 60 1
1 27 41 51 38 60
60 56 61 57 34 38
38 14 53 29 10 34
34 35 5 4 11 10
10 25 20 7 24 11
11 44 39 0 63 24
24 6 49 47 33 63
63 19 45 1 13 33
33 8 21 60 36 13
13 31 52 38 54 36
36 16 22 34 2 54
54 15 51 10 59 2
2 48 57 11 9 59
59 62 29 24 12 9
9 50 4 63 55 12
12 42 7 33 17 55
55 58 0 13 28 17
17 26 47 36 23 28
28 43 1 54 32 23
23 41 60 2 30 32
32 61 38 59 3 30
30 53 34 9 40 3
3 5 10 12 46 40
40 20 11 55 18 46
46 39 24 17 27 18
18 49 63 28 56 27
27 45 33 23 14 56
56 21 13 32 35 14
14 52 36 30 25 35
35 22 54 3 44 25
25 51 2 40 6 44
44 57 59 46 19 6
6 29 9 18 8 19
19 4 12 27 31 8
8 7 55 56 16 31
31 0 17 14 15 16
16 47 28 35 48 15
15 1 23 25 62 48
48 60 32 44 50 62
62 38 30 6 42 50
50 34 3 19 58 42
42 10 40 8 26 58
58 11 46 31 43 26
26 24 18 16 41 43
43 63 27 15 61 41
41 33 56 48 53 61
61 13 14 62 5 53

10 10 10 10 10 10
26 11 12 29 59 42
42 25 54 5 8 59
59 45 3 21 30 8
8 20 41 53 2 30
30 38 60 4 58 2
2 35 39 6 27 58
58 24 48 18 57 27
27 62 63 26 28 57
57 51 32 42 22 28
28 56 31 59 50 22
22 15 17 8 43 50
50 49 29 30 40 43
43 44 5 2 47 40
40 7 21 58 0 47
47 1 53 27 46 0
0 61 4 57 19 46
46 52 6 28 9 19
19 23 18 22 13 9
9 33 26 50 37 13
13 12 42 43 36 37
37 54 59 40 55 36
36 3 8 47 16 55
55 41 30 0 14 16
16 60 2 46 34 14
14 39 58 19 11 34
34 48 27 9 25 11
11 63 57 13 45 25
25 32 28 37 20 45
45 31 22 36 38 20
20 17 50 55 35 38
38 29 43 16 24 35
35 5 40 14 62 24
24 21 47 34 51 62
62 53 0 11 56 51
51 4 46 25 15 56
56 6 19 45 49 15
15 18 9 20 44 49
49 26 13 38 7 44
44 42 37 35 1 7
7 59 36 24 61 1
1 8 55 62 52 61
61 30 16 51 23 52
52 2 14 56 33 23
23 58 34 15 12 33
33 27 11 49 54 12
12 57 25 44 3 54
54 28 45 7 41 3
3 22 20 1 60 41
41 50 38 61 39 60
60 43 35 52 48 39
39 40 24 23 63 48
48 47 62 33 32 63
63 0 51 12 31 32
32 46 56 54 17 31
31 19 15 3 29 17
17 9 49 41 5 29
29 13 44 60 21 5
5 37 7 39 53 21
21 36 1 48 4 53
53 55 61 63 6 4
4 16 52 32 18 6
6 14 23 31 26 18
18 34 33 17 42 26

36 36 36 36 36 36
52 37 34 51 21 4
4 55 24 43 38 21
21 3 45 59 48 38
38 58 7 27 44 48
48 8 18 42 20 44
44 13 9 40 53 20
20 54 30 60 23 53
53 16 17 52 50 23
23 29 14 4 56 50
50 22 49 21 28 56
56 33 63 38 5 28
28 31 51 48 6 5
5 2 43 44 1 6
6 41 59 20 46 1
1 47 27 53 0 46
46 19 42 23 61 0
0 26 40 50 39 61
61 57 60 56 35 39
39 15 52 28 11 35
35 34 4 5 10 11
11 24 21 6 25 10
10 45 38 1 62 25
25 7 48 46 32 62
62 18 44 0 12 32
32 9 20 61 37 12
12 30 53 39 55 37
37 17 23 35 3 55
55 14 50 11 58 3
3 49 56 10 8 58
58 63 28 25 13 8
8 51 5 62 54 13
13 43 6 32 16 54
54 59 1 12 29 16
16 27 46 37 22 29
29 42 0 55 33 22
22 40 61 3 31 33
33 60 39 58 2 31
31 52 35 8 41 2
2 4 11 13 47 41
41 21 10 54 19 47
47 38 25 16 26 19
19 48 62 29 57 26
26 44 32 22 15 57
57 20 12 33 34 15
15 53 37 31 24 34
34 23 55 2 45 24
24 50 3 41 7 45
45 56 58 47 18 7
7 28 8 19 9 18
18 5 13 26 30 9
9 6 54 57 17 30
30 1 16 15 14 17
17 46 29 34 49 14
14 0 22 24 63 49
49 61 33 45 51 63
63 39 31 7 43 51
51 35 2 18 59 43
43 11 41 9 27 59
59 10 47 30 42 27
27 25 19 17 40 42
42 62 26 14 60 40
40 32 57 49 52 60
60 12 15 63 4 52

25 25 25 25 25 25
9 24 31 14 40 57
57 10 37 22 27 40
40 62 16 6 13 27
27 7 58 38 17 13
13 53 47 23 41 17
17 48 52 21 8 41
41 11 35 1 42 8
8 45 44 9 15 42
42 32 51 57 5 15
15 43 12 40 33 5
5 28 2 27 56 33
33 34 14 13 59 56
56 63 22 17 60 59
59 20 6 41 19 60
60 18 38 8 61 19
19 46 23 42 0 61
61 39 21 15 26 0
0 4 1 5 30 26
26 50 9 33 54 30
30 31 57 56 55 54
54 37 40 59 36 55
55 16 27 60 3 36
36 58 13 19 29 3
3 47 17 61 49 29
29 52 41 0 24 49
49 35 8 26 10 24
24 44 42 30 62 10
10 51 15 54 7 62
62 12 5 55 53 7
7 2 33 36 48 53
53 14 56 3 11 48
48 22 59 29 45 11
11 6 60 49 32 45
45 38 19 24 43 32
32 23 61 10 28 43
43 21 0 62 34 28
28 1 26 7 63 34
34 9 30 53 20 63
63 57 54 48 18 20
20 40 55 11 46 18
18 27 36 45 39 46
46 13 3 32 4 39
39 17 29 43 50 4
4 41 49 28 31 50
50 8 24 34 37 31
31 42 10 63 16 37
37 15 62 20 58 16
16 5 7 18 47 58
58 33 53 46 52 47
47 56 48 39 35 52
52 59 11 4 44 35
35 60 45 50 51 44
44 19 32 31 12 51
51 61 43 37 2 12
12 0 28 16 14 2
2 26 34 58 22 14
14 30 63 47 6 22
22 54 20 52 38 6
6 55 18 35 23 38
38 36 46 44 21 23
23 3 39 51 1 21
21 29 4 12 9 1
1 49 50 2 57 9

3 3 3 3 3 3
19 2 5 20 50 35
35 16 63 12 1 50
50 36 10 28 23 1
1 29 32 60 11 23
23 47 53 13 51 11
11 42 46 15 18 51
51 17 57 27 48 18
18 55 54 19 21 48
48 58 41 35 31 21
21 49 22 50 59 31
31 6 24 1 34 59
59 56 20 23 33 34
34 37 12 11 38 33
33 14 28 51 9 38
38 8 60 18 39 9
9 52 13 48 26 39
39 61 15 21 0 26
26 30 27 31 4 0
0 40 19 59 44 4
4 5 35 34 45 44
44 63 50 33 62 45
45 10 1 38 25 62
62 32 23 9 7 25
25 53 11 39 43 7
7 46 51 26 2 43
43 57 18 0 16 2
2 54 48 4 36 16
16 41 21 44 29 36
36 22 31 45 47 29
29 24 59 62 42 47
47 20 34 25 17 42
42 12 33 7 55 17
17 28 38 43 58 55
55 60 9 2 49 58
58 13 39 16 6 49
49 15 26 36 56 6
6 27 0 29 37 56
56 19 4 47 14 37
37 35 44 42 8 14
14 50 45 17 52 8
8 1 62 55 61 52
52 23 25 58 30 61
61 11 7 49 40 30
30 51 43 6 5 40
40 18 2 56 63 5
5 48 16 37 10 63
63 21 36 14 32 10
10 31 29 8 53 32
32 59 47 52 46 53
53 34 42 61 57 46
46 33 17 30 54 57
57 38 55 40 41 54
54 9 58 5 22 41
41 39 49 63 24 22
22 26 6 10 20 24
24 0 56 32 12 20
20 4 37 53 28 12
12 44 14 46 60 28
28 45 8 57 13 60
60 62 52 54 15 13
13 25 61 41 27 15
15 7 30 22 19 27
27 43 40 24 35 19

7 7 7 7 7 7
23 6 1 16 54 39
39 20 59 8 5 54
54 32 14 24 19 5
5 25 36 56 15 19
19 43 49 9 55 15
15 46 42 11 22 55
55 21 61 31 52 22
22 51 50 23 17 52
52 62 45 39 27 17
17 53 18 54 63 27
27 2 28 5 38 63
63 60 16 19 37 38
38 33 8 15 34 37
37 10 24 55 13 34
34 12 56 22 35 13
13 48 9 52 30 35
35 57 11 17 4 30
30 26 31 27 0 4
4 44 23 63 40 0
0 1 39 38 41 40
40 59 54 37 58 41
41 14 5 34 29 58
58 36 19 13 3 29
29 49 15 35 47 3
3 42 55 30 6 47
47 61 22 4 20 6
6 50 52 0 32 20
20 45 17 40 25 32
32 18 27 41 43 25
25 28 63 58 46 43
43 16 38 29 21 46
46 8 37 3 51 21
21 24 34 47 62 51
51 56 13 6 53 62
62 9 35 20 2 53
53 11 30 32 60 2
2 31 4 25 33 60
60 23 0 43 10 33
33 39 40 46 12 10
10 54 41 21 48 12
12 5 58 51 57 48
48 19 29 62 26 57
57 15 3 53 44 26
26 55 47 2 1 44
44 22 6 60 59 1
1 52 20 33 14 59
59 17 32 10 36 14
14 27 25 12 49 36
36 63 43 48 42 49
49 38 46 57 61 42
42 37 21 26 50 61
61 34 51 44 45 50
50 13 62 1 18 45
45 35 53 59 28 18
18 30 2 14 16 28
28 4 60 36 8 16
16 0 33 49 24 8
8 40 10 42 56 24
24 41 12 61 9 56
56 58 48 50 11 9
9 29 57 45 31 11
11 3 26 18 23 31
31 47 44 28 39 23

47 47 47 47 47 47
63 46 41 56 30 15
15 60 19 32 45 30
30 8 38 48 59 45
45 49 12 16 39 59
59 3 25 33 31 39
39 6 2 35 62 31
31 61 21 55 28 62
62 27 26 63 57 28
28 22 5 15 51 57
57 29 58 30 23 51
51 42 52 45 14 23
23 20 56 59 13 14
14 9 32 39 10 13
13 34 48 31 37 10
10 36 16 62 11 37
37 24 33 28 54 11
11 17 35 57 44 54
54 50 55 51 40 44
44 4 63 23 0 40
40 41 15 14 1 0
0 19 30 13 18 1
1 38 45 10 53 18
18 12 59 37 43 53
53 25 39 11 7 43
43 2 31 54 46 7
7 21 62 44 60 46
46 26 28 40 8 60
60 5 57 0 49 8
8 58 51 1 3 49
49 52 23 18 6 3
3 56 14 53 61 6
6 32 13 43 27 61
61 48 10 7 22 27
27 16 37 46 29 22
22 33 11 60 42 29
29 35 54 8 20 42
42 55 44 49 9 20
20 63 40 3 34 9
9 15 0 6 36 34
34 30 1 61 24 36
36 45 18 27 17 24
24 59 53 22 50 17
17 39 43 29 4 50
50 31 7 42 41 4
4 62 46 20 19 41
41 28 60 9 38 19
19 57 8 34 12 38
38 51 49 36 25 12
12 23 3 24 2 25
25 14 6 17 21 2
2 13 61 50 26 21
21 10 27 4 5 26
26 37 22 41 58 5
5 11 29 19 52 58
58 54 42 38 56 52
52 44 20 12 32 56
56 40 9 25 48 32
32 0 34 2 16 48
48 1 36 21 33 16
16 18 24 26 35 33
33 53 17 5 55 35
35 43 50 58 63 55
55 7 4 52 15 63

46 46 46 46 46 46
62 47 40 57 31 14
14 61 18 33 44 31
31 9 39 49 58 44
44 48 13 17 38 58
58 2 24 32 30 38
38 7 3 34 63 30
30 60 20 54 29 63
63 26 27 62 56 29
29 23 4 14 50 56
56 28 59 31 22 50
50 43 53 44 15 22
22 21 57 58 12 15
15 8 33 38 11 12
12 35 49 30 36 11
11 37 17 63 10 36
36 25 32 29 55 10
10 16 34 56 45 55
55 51 54 50 41 45
45 5 62 22 1 41
41 40 14 15 0 1
1 18 31 12 19 0
0 39 44 11 52 19
19 13 58 36 42 52
52 24 38 10 6 42
42 3 30 55 47 6
6 20 63 45 61 47
47 27 29 41 9 61
61 4 56 1 48 9
9 59 50 0 2 48
48 53 22 19 7 2
2 57 15 52 60 7
7 33 12 42 26 60
60 49 11 6 23 26
26 17 36 47 28 23
23 32 10 61 43 28
28 34 55 9 21 43
43 54 45 48 8 21
21 62 41 2 35 8
8 14 1 7 37 35
35 31 0 60 25 37
37 44 19 26 16 25
25 58 52 23 51 16
16 38 42 28 5 51
51 30 6 43 40 5
5 63 47 21 18 40
40 29 61 8 39 18
18 56 9 35 13 39
39 50 48 37 24 13
13 22 2 25 3 24
24 15 7 16 20 3
3 12 60 51 27 20
20 11 26 5 4 27
27 36 23 40 59 4
4 10 28 18 53 59
59 55 43 39 57 53
53 45 21 13 33 57
57 41 8 24 49 33
33 1 35 3 17 49
49 0 37 20 32 17
17 19 25 27 34 32
32 52 16 4 54 34
34 42 51 59 62 54
54 6 5 53 14 62

61 61 61 61 61 61
45 60 59 42 12 29
29 46 1 50 63 12
12 26 52 34 41 63
63 35 30 2 53 41
41 17 11 51 13 53
53 20 16 49 44 13
13 47 7 37 14 44
44 9 8 45 43 14
14 4 23 29 33 43
43 15 40 12 5 33
33 56 38 63 28 5
5 6 42 41 31 28
28 27 50 53 24 31
31 48 34 13 55 24
24 54 2 44 25 55
55 10 51 14 36 25
25 3 49 43 62 36
36 32 37 33 58 62
62 22 45 5 18 58
58 59 29 28 19 18
18 1 12 31 0 19
19 52 63 24 39 0
0 30 41 55 57 39
39 11 53 25 21 57
57 16 13 36 60 21
21 7 44 62 46 60
60 8 14 58 26 46
46 23 43 18 35 26
26 40 33 19 17 35
35 38 5 0 20 17
17 42 28 39 47 20
20 50 31 57 9 47
47 34 24 21 4 9
9 2 55 60 15 4
4 51 25 46 56 15
15 49 36 26 6 56
56 37 62 35 27 6
6 45 58 17 48 27
27 29 18 20 54 48
48 12 19 47 10 54
54 63 0 9 3 10
10 41 39 4 32 3
3 53 57 15 22 32
32 13 21 56 59 22
22 44 60 6 1 59
59 14 46 27 52 1
1 43 26 48 30 52
52 33 35 54 11 30
30 5 17 10 16 11
11 28 20 3 7 16
16 31 47 32 8 7
7 24 9 22 23 8
8 55 4 59 40 23
23 25 15 1 38 40
40 36 56 52 42 38
38 62 6 30 50 42
42 58 27 11 34 50
50 18 48 16 2 34
34 19 54 7 51 2
2 0 10 8 49 51
51 39 3 23 37 49
49 57 32 40 45 37
37 21 22 38 29 45

26 26 26 26 26 26
10 27 28 13 43 58
58 9 38 21 24 43
43 61 19 5 14 24
24 4 57 37 18 14
14 54 44 20 42 18
18 51 55 22 11 42
42 8 32 2 41 11
11 46 47 10 12 41
41 35 48 58 6 12
12 40 15 43 34 6
6 31 1 24 59 34
34 33 13 14 56 59
59 60 21 18 63 56
56 23 5 42 16 63
63 17 37 11 62 16
16 45 20 41 3 62
62 36 22 12 25 3
3 7 2 6 29 25
25 49 10 34 53 29
29 28 58 59 52 53
53 38 43 56 39 52
52 19 24 63 0 39
39 57 14 16 30 0
0 44 18 62 50 30
30 55 42 3 27 50
50 32 11 25 9 27
27 47 41 29 61 9
9 48 12 53 4 61
61 15 6 52 54 4
4 1 34 39 51 54
54 13 59 0 8 51
51 21 56 30 46 8
8 5 63 50 35 46
46 37 16 27 40 35
35 20 62 9 31 40
40 22 3 61 33 31
31 2 25 4 60 33
33 10 29 54 23 60
60 58 53 51 17 23
23 43 52 8 45 17
17 24 39 46 36 45
45 14 0 35 7 36
36 18 30 40 49 7
7 42 50 31 28 49
49 11 27 33 38 28
28 41 9 60 19 38
38 12 61 23 57 19
19 6 4 17 44 57
57 34 54 45 55 44
44 59 51 36 32 55
55 56 8 7 47 32
32 63 46 49 48 47
47 16 35 28 15 48
48 62 40 38 1 15
15 3 31 19 13 1
1 25 33 57 21 13
13 29 60 44 5 21
21 53 23 55 37 5
5 52 17 32 20 37
37 39 45 47 22 20
20 0 36 48 2 22
22 30 7 15 10 2
2 50 49 1 58 10

4 4 4 4 4 4
20 5 2 19 53 36
36 23 56 11 6 53
53 35 13 27 16 6
6 26 39 59 12 16
16 40 50 10 52 12
12 45 41 8 21 52
52 22 62 28 55 21
21 48 49 20 18 55
55 61 46 36 24 18
18 54 17 53 60 24
24 1 31 6 37 60
60 63 19 16 38 37
37 34 11 12 33 38
38 9 27 52 14 33
33 15 59 21 32 14
14 51 10 55 29 32
32 58 8 18 7 29
29 25 28 24 3 7
7 47 20 60 43 3
3 2 36 37 42 43
43 56 53 38 57 42
42 13 6 33 30 57
57 39 16 14 0 30
30 50 12 32 44 0
0 41 52 29 5 44
44 62 21 7 23 5
5 49 55 3 35 23
23 46 18 43 26 35
35 17 24 42 40 26
26 31 60 57 45 40
40 19 37 30 22 45
45 11 38 0 48 22
22 27 33 44 61 48
48 59 14 5 54 61
61 10 32 23 1 54
54 8 29 35 63 1
1 28 7 26 34 63
63 20 3 40 9 34
34 36 43 45 15 9
9 53 42 22 51 15
15 6 57 48 58 51
51 16 30 61 25 58
58 12 0 54 47 25
25 52 44 1 2 47
47 21 5 63 56 2
2 55 23 34 13 56
56 18 35 9 39 13
13 24 26 15 50 39
39 60 40 51 41 50
50 37 45 58 62 41
41 38 22 25 49 62
62 33 48 47 46 49
49 14 61 2 17 46
46 32 54 56 31 17
17 29 1 13 19 31
31 7 63 39 11 19
19 3 34 50 27 11
11 43 9 41 59 27
27 42 15 62 10 59
59 57 51 49 8 10
10 30 58 46 28 8
8 0 25 17 20 28
28 44 47 31 36 20

40 40 40 40 40 40
56 41 46 63 25 8
8 59 20 39 42 25
25 15 33 55 60 42
42 54 11 23 32 60
60 4 30 38 24 32
32 1 5 36 57 24
24 58 18 48 27 57
57 28 29 56 62 27
27 17 2 8 52 62
62 26 61 25 16 52
52 45 51 42 9 16
16 19 63 60 10 9
9 14 39 32 13 10
10 37 55 24 34 13
13 35 23 57 12 34
34 31 38 27 49 12
12 22 36 62 43 49
49 53 48 52 47 43
43 3 56 16 7 47
47 46 8 9 6 7
7 20 25 10 21 6
6 33 42 13 50 21
21 11 60 34 44 50
50 30 32 12 0 44
44 5 24 49 41 0
0 18 57 43 59 41
41 29 27 47 15 59
59 2 62 7 54 15
15 61 52 6 4 54
54 51 16 21 1 4
4 63 9 50 58 1
1 39 10 44 28 58
58 55 13 0 17 28
28 23 34 41 26 17
17 38 12 59 45 26
26 36 49 15 19 45
45 48 43 54 14 19
19 56 47 4 37 14
14 8 7 1 35 37
37 25 6 58 31 35
35 42 21 28 22 31
31 60 50 17 53 22
22 32 44 26 3 53
53 24 0 45 46 3
3 57 41 19 20 46
46 27 59 14 33 20
20 62 15 37 11 33
33 52 54 35 30 11
11 16 4 31 5 30
30 9 1 22 18 5
5 10 58 53 29 18
18 13 28 3 2 29
29 34 17 46 61 2
2 12 26 20 51 61
61 49 45 33 63 51
51 43 19 11 39 63
63 47 14 30 55 39
39 7 37 5 23 55
55 6 35 18 38 23
23 21 31 29 36 38
38 50 22 2 48 36
36 44 53 61 56 48
48 0 3 51 8 56

1 1 1 1 1 1
17 0 7 22 48 33
33 18 61 14 3 48
48 38 8 30 21 3
3 31 34 62 9 21
21 45 55 15 49 9
9 40 44 13 16 49
49 19 59 25 50 16
16 53 52 17 23 50
50 56 43 33 29 23
23 51 20 48 57 29
29 4 26 3 32 57
57 58 22 21 35 32
32 39 14 9 36 35
35 12 30 49 11 36
36 10 62 16 37 11
11 54 15 50 24 37
37 63 13 23 2 24
24 28 25 29 6 2
2 42 17 57 46 6
6 7 33 32 47 46
46 61 48 35 60 47
47 8 3 36 27 60
60 34 21 11 5 27
27 55 9 37 41 5
5 44 49 24 0 41
41 59 16 2 18 0
0 52 50 6 38 18
18 43 23 46 31 38
38 20 29 47 45 31
31 26 57 60 40 45
45 22 32 27 19 40
40 14 35 5 53 19
19 30 36 41 56 53
53 62 11 0 51 56
56 15 37 18 4 51
51 13 24 38 58 4
4 25 2 31 39 58
58 17 6 45 12 39
39 33 46 40 10 12
12 48 47 19 54 10
10 3 60 53 63 54
54 21 27 56 28 63
63 9 5 51 42 28
28 49 41 4 7 42
42 16 0 58 61 7
7 50 18 39 8 61
61 23 38 12 34 8
8 29 31 10 55 34
34 57 45 54 44 55
55 32 40 63 59 44
44 35 19 28 52 59
59 36 53 42 43 52
52 11 56 7 20 43
43 37 51 61 26 20
20 24 4 8 22 26
26 2 58 34 14 22
22 6 39 55 30 14
14 46 12 44 62 30
30 47 10 59 15 62
62 60 54 52 13 15
15 27 63 43 25 13
13 5 28 20 17 25
25 41 42 26 33 17

19 19 19 19 19 19
3 18 21 4 34 51
51 0 47 28 17 34
34 52 26 12 7 17
17 13 48 44 27 7
7 63 37 29 35 27
27 58 62 31 2 35
35 1 41 11 32 2
2 39 38 3 5 32
32 42 57 51 15 5
5 33 6 34 43 15
15 22 8 17 50 43
43 40 4 7 49 50
50 53 28 27 54 49
49 30 12 35 25 54
54 24 44 2 55 25
25 36 29 32 10 55
55 45 31 5 16 10
10 14 11 15 20 16
16 56 3 43 60 20
20 21 51 50 61 60
60 47 34 49 46 61
61 26 17 54 9 46
46 48 7 25 23 9
9 37 27 55 59 23
23 62 35 10 18 59
59 41 2 16 0 18
18 38 32 20 52 0
0 57 5 60 13 52
52 6 15 61 63 13
13 8 43 46 58 63
63 4 50 9 1 58
58 28 49 23 39 1
1 12 54 59 42 39
39 44 25 18 33 42
42 29 55 0 22 33
33 31 10 52 40 22
22 11 16 13 53 40
40 3 20 63 30 53
53 51 60 58 24 30
30 34 61 1 36 24
24 17 46 39 45 36
36 7 9 42 14 45
45 27 23 33 56 14
14 35 59 22 21 56
56 2 18 40 47 21
21 32 0 53 26 47
47 5 52 30 48 26
26 15 13 24 37 48
48 43 63 36 62 37
37 50 58 45 41 62
62 49 1 14 38 41
41 54 39 56 57 38
38 25 42 21 6 57
57 55 33 47 8 6
6 10 22 26 4 8
8 16 40 48 28 4
4 20 53 37 12 28
28 60 30 62 44 12
12 61 24 41 29 44
44 46 36 38 31 29
29 9 45 57 11 31
31 23 14 6 3 11
11 59 56 8 51 3

39 39 39 39 39 39
55 38 33 48 22 7
7 52 27 40 37 22
22 0 46 56 51 37
37 57 4 24 47 51
51 11 17 41 23 47
47 14 10 43 54 23
23 53 29 63 20 54
54 19 18 55 49 20
20 30 13 7 59 49
49 21 50 22 31 59
59 34 60 37 6 31
31 28 48 51 5 6
6 1 40 47 2 5
5 42 56 23 45 2
2 44 24 54 3 45
45 16 41 20 62 3
3 25 43 49 36 62
62 58 63 59 32 36
36 12 55 31 8 32
32 33 7 6 9 8
8 27 22 5 26 9
9 46 37 2 61 26
26 4 51 45 35 61
61 17 47 3 15 35
35 10 23 62 38 15
15 29 54 36 52 38
38 18 20 32 0 52
52 13 49 8 57 0
0 50 59 9 11 57
57 60 31 26 14 11
11 48 6 61 53 14
14 40 5 35 19 53
53 56 2 15 30 19
19 24 45 38 21 30
30 41 3 52 34 21
21 43 62 0 28 34
34 63 36 57 1 28
28 55 32 11 42 1
1 7 8 14 44 42
42 22 9 53 16 44
44 37 26 19 25 16
16 51 61 30 58 25
25 47 35 21 12 58
58 23 15 34 33 12
12 54 38 28 27 33
33 20 52 1 46 27
27 49 0 42 4 46
46 59 57 44 17 4
4 31 11 16 10 17
17 6 14 25 29 10
10 5 53 58 18 29
29 2 19 12 13 18
18 45 30 33 50 13
13 3 21 27 60 50
50 62 34 46 48 60
60 36 28 4 40 48
48 32 1 17 56 40
40 8 42 10 24 56
56 9 44 29 41 24
24 26 16 18 43 41
41 61 25 13 63 43
43 35 58 50 55 63
63 15 12 60 7 55

30 30 30 30 30 30
14 31 24 9 47 62
62 13 34 17 28 47
47 57 23 1 10 28
28 0 61 33 22 10
10 50 40 16 46 22
22 55 51 18 15 46
46 12 36 6 45 15
15 42 43 14 8 45
45 39 52 62 2 8
8 44 11 47 38 2
2 27 5 28 63 38
38 37 9 10 60 63
63 56 17 22 59 60
60 19 1 46 20 59
59 21 33 15 58 20
20 41 16 45 7 58
58 32 18 8 29 7
7 3 6 2 25 29
29 53 14 38 49 25
25 24 62 63 48 49
49 34 47 60 35 48
48 23 28 59 4 35
35 61 10 20 26 4
4 40 22 58 54 26
26 51 46 7 31 54
54 36 15 29 13 31
31 43 45 25 57 13
13 52 8 49 0 57
57 11 2 48 50 0
0 5 38 35 55 50
50 9 63 4 12 55
55 17 60 26 42 12
12 1 59 54 39 42
42 33 20 31 44 39
39 16 58 13 27 44
44 18 7 57 37 27
27 6 29 0 56 37
37 14 25 50 19 56
56 62 49 55 21 19
19 47 48 12 41 21
21 28 35 42 32 41
41 10 4 39 3 32
32 22 26 44 53 3
3 46 54 27 24 53
53 15 31 37 34 24
24 45 13 56 23 34
34 8 57 19 61 23
23 2 0 21 40 61
61 38 50 41 51 40
40 63 55 32 36 51
51 60 12 3 43 36
36 59 42 53 52 43
43 20 39 24 11 52
52 58 44 34 5 11
11 7 27 23 9 5
5 29 37 61 17 9
9 25 56 40 1 17
17 49 19 51 33 1
1 48 21 36 16 33
33 35 41 43 18 16
16 4 32 52 6 18
18 26 3 11 14 6
6 54 53 5 62 14

44 44 44 44 44 44
60 45 42 59 29 12
12 63 16 35 46 29
29 11 37 51 56 46
46 50 15 19 36 56
56 0 26 34 28 36
36 5 1 32 61 28
28 62 22 52 31 61
61 24 25 60 58 31
31 21 6 12 48 58
58 30 57 29 20 48
48 41 55 46 13 20
20 23 59 56 14 13
13 10 35 36 9 14
14 33 51 28 38 9
9 39 19 61 8 38
38 27 34 31 53 8
8 18 32 58 47 53
53 49 52 48 43 47
47 7 60 20 3 43
43 42 12 13 2 3
3 16 29 14 17 2
2 37 46 9 54 17
17 15 56 38 40 54
54 26 36 8 4 40
40 1 28 53 45 4
4 22 61 47 63 45
45 25 31 43 11 63
63 6 58 3 50 11
11 57 48 2 0 50
50 55 20 17 5 0
0 59 13 54 62 5
5 35 14 40 24 62
62 51 9 4 21 24
24 19 38 45 30 21
21 34 8 63 41 30
30 32 53 11 23 41
41 52 47 50 10 23
23 60 43 0 33 10
10 12 3 5 39 33
33 29 2 62 27 39
39 46 17 24 18 27
27 56 54 21 49 18
18 36 40 30 7 49
49 28 4 41 42 7
7 61 45 23 16 42
42 31 63 10 37 16
16 58 11 33 15 37
37 48 50 39 26 15
15 20 0 27 1 26
26 13 5 18 22 1
1 14 62 49 25 22
22 9 24 7 6 25
25 38 21 42 57 6
6 8 30 16 55 57
57 53 41 37 59 55
55 47 23 15 35 59
59 43 10 26 51 35
35 3 33 1 19 51
51 2 39 22 34 19
19 17 27 25 32 34
34 54 18 6 52 32
32 40 49 57 60 52
52 4 7 55 12 60

41 41 41 41 41 41
57 40 47 62 24 9
9 58 21 38 43 24
24 14 32 54 61 43
43 55 10 22 33 61
61 5 31 39 25 33
33 0 4 37 56 25
25 59 19 49 26 56
56 29 28 57 63 26
26 16 3 9 53 63
63 27 60 24 17 53
53 44 50 43 8 17
17 18 62 61 11 8
8 15 38 33 12 11
11 36 54 25 35 12
12 34 22 56 13 35
35 30 39 26 48 13
13 23 37 63 42 48
48 52 49 53 46 42
42 2 57 17 6 46
46 47 9 8 7 6
6 21 24 11 20 7
7 32 43 12 51 20
20 10 61 35 45 51
51 31 33 13 1 45
45 4 25 48 40 1
1 19 56 42 58 40
40 28 26 46 14 58
58 3 63 6 55 14
14 60 53 7 5 55
55 50 17 20 0 5
5 62 8 51 59 0
0 38 11 45 29 59
59 54 12 1 16 29
29 22 35 40 27 16
16 39 13 58 44 27
27 37 48 14 18 44
44 49 42 55 15 18
18 57 46 5 36 15
15 9 6 0 34 36
36 24 7 59 30 34
34 43 20 29 23 30
30 61 51 16 52 23
23 33 45 27 2 52
52 25 1 44 47 2
2 56 40 18 21 47
47 26 58 15 32 21
21 63 14 36 10 32
32 53 55 34 31 10
10 17 5 30 4 31
31 8 0 23 19 4
4 11 59 52 28 19
19 12 29 2 3 28
28 35 16 47 60 3
3 13 27 21 50 60
60 48 44 32 62 50
50 42 18 10 38 62
62 46 15 31 54 38
38 6 36 4 22 54
54 7 34 19 39 22
22 20 30 28 37 39
39 51 23 3 49 37
37 45 52 60 57 49
49 1 2 50 9 57

18 18 18 18 18 18
2 19 20 5 35 50
50 1 46 29 16 35
35 53 27 13 6 16
16 12 49 45 26 6
6 62 36 28 34 26
26 59 63 30 3 34
34 0 40 10 33 3
3 38 39 2 4 33
33 43 56 50 14 4
4 32 7 35 42 14
14 23 9 16 51 42
42 41 5 6 48 51
51 52 29 26 55 48
48 31 13 34 24 55
55 25 45 3 54 24
24 37 28 33 11 54
54 44 30 4 17 11
11 15 10 14 21 17
17 57 2 42 61 21
21 20 50 51 60 61
61 46 35 48 47 60
60 27 16 55 8 47
47 49 6 24 22 8
8 36 26 54 58 22
22 63 34 11 19 58
58 40 3 17 1 19
19 39 33 21 53 1
1 56 4 61 12 53
53 7 14 60 62 12
12 9 42 47 59 62
62 5 51 8 0 59
59 29 48 22 38 0
0 13 55 58 43 38
38 45 24 19 32 43
43 28 54 1 23 32
32 30 11 53 41 23
23 10 17 12 52 41
41 2 21 62 31 52
52 50 61 59 25 31
31 35 60 0 37 25
25 16 47 38 44 37
37 6 8 43 15 44
44 26 22 32 57 15
15 34 58 23 20 57
57 3 19 41 46 20
20 33 1 52 27 46
46 4 53 31 49 27
27 14 12 25 36 49
49 42 62 37 63 36
36 51 59 44 40 63
63 48 0 15 39 40
40 55 38 57 56 39
39 24 43 20 7 56
56 54 32 46 9 7
7 11 23 27 5 9
9 17 41 49 29 5
5 21 52 36 13 29
29 61 31 63 45 13
13 60 25 40 28 45
45 47 37 39 30 28
28 8 44 56 10 30
30 22 15 7 2 10
10 58 57 9 50 2

52 52 52 52 52 52
36 53 50 35 5 20
20 39 8 59 54 5
5 19 61 43 32 54
54 42 23 11 60 32
32 24 2 58 4 60
60 29 25 56 37 4
4 38 14 44 7 37
37 0 1 36 34 7
7 13 30 20 40 34
34 6 33 5 12 40
40 49 47 54 21 12
12 15 35 32 22 21
21 18 59 60 17 22
22 57 43 4 62 17
17 63 11 37 16 62
62 3 58 7 45 16
16 10 56 34 55 45
45 41 44 40 51 55
55 31 36 12 27 51
51 50 20 21 26 27
27 8 5 22 9 26
26 61 54 17 46 9
9 23 32 62 48 46
46 2 60 16 28 48
48 25 4 45 53 28
28 14 37 55 39 53
53 1 7 51 19 39
39 30 34 27 42 19
19 33 40 26 24 42
42 47 12 9 29 24
24 35 21 46 38 29
29 59 22 48 0 38
38 43 17 28 13 0
0 11 62 53 6 13
13 58 16 39 49 6
6 56 45 19 15 49
49 44 55 42 18 15
15 36 51 24 57 18
18 20 27 29 63 57
57 5 26 38 3 63
63 54 9 0 10 3
3 32 46 13 41 10
10 60 48 6 31 41
41 4 28 49 50 31
31 37 53 15 8 50
50 7 39 18 61 8
8 34 19 57 23 61
61 40 42 63 2 23
23 12 24 3 25 2
2 21 29 10 14 25
25 22 38 41 1 14
14 17 0 31 30 1
1 62 13 50 33 30
30 16 6 8 47 33
33 45 49 61 35 47
47 55 15 23 59 35
35 51 18 2 43 59
59 27 57 25 11 43
43 26 63 14 58 11
11 9 3 1 56 58
58 46 10 30 44 56
56 48 41 33 36 44
44 28 31 47 20 36

57 57 57 57 57 57
41 56 63 46 8 25
25 42 5 54 59 8
8 30 48 38 45 59
59 39 26 6 49 45
45 21 15 55 9 49
49 16 20 53 40 9
9 43 3 33 10 40
40 13 12 41 47 10
10 0 19 25 37 47
47 11 44 8 1 37
37 60 34 59 24 1
1 2 46 45 27 24
24 31 54 49 28 27
27 52 38 9 51 28
28 50 6 40 29 51
51 14 55 10 32 29
29 7 53 47 58 32
32 36 33 37 62 58
58 18 41 1 22 62
62 63 25 24 23 22
22 5 8 27 4 23
23 48 59 28 35 4
4 26 45 51 61 35
35 15 49 29 17 61
61 20 9 32 56 17
17 3 40 58 42 56
56 12 10 62 30 42
42 19 47 22 39 30
30 44 37 23 21 39
39 34 1 4 16 21
21 46 24 35 43 16
16 54 27 61 13 43
43 38 28 17 0 13
13 6 51 56 11 0
0 55 29 42 60 11
11 53 32 30 2 60
60 33 58 39 31 2
2 41 62 21 52 31
31 25 22 16 50 52
52 8 23 43 14 50
50 59 4 13 7 14
14 45 35 0 36 7
7 49 61 11 18 36
36 9 17 60 63 18
18 40 56 2 5 63
63 10 42 31 48 5
5 47 30 52 26 48
48 37 39 50 15 26
26 1 21 14 20 15
15 24 16 7 3 20
20 27 43 36 12 3
3 28 13 18 19 12
12 51 0 63 44 19
19 29 11 5 34 44
44 32 60 48 46 34
34 58 2 26 54 46
46 62 31 15 38 54
54 22 52 20 6 38
38 23 50 3 55 6
6 4 14 12 53 55
55 35 7 19 33 53
53 61 36 44 41 33
33 17 18 34 25 41

50 50 50 50 50 50
34 51 52 37 3 18
18 33 14 61 48 3
3 21 59 45 38 48
48 44 17 13 58 38
38 30 4 60 2 58
58 27 31 62 35 2
2 32 8 42 1 35
35 6 7 34 36 1
1 11 24 18 46 36
36 0 39 3 10 46
46 55 41 48 19 10
10 9 37 38 16 19
19 20 61 58 23 16
16 63 45 2 56 23
23 57 13 35 22 56
56 5 60 1 43 22
22 12 62 36 49 43
43 47 42 46 53 49
49 25 34 10 29 53
53 52 18 19 28 29
29 14 3 16 15 28
28 59 48 23 40 15
15 17 38 56 54 40
40 4 58 22 26 54
54 31 2 43 51 26
26 8 35 49 33 51
51 7 1 53 21 33
33 24 36 29 44 21
21 39 46 28 30 44
44 41 10 15 27 30
30 37 19 40 32 27
27 61 16 54 6 32
32 45 23 26 11 6
6 13 56 51 0 11
11 60 22 33 55 0
0 62 43 21 9 55
55 42 49 44 20 9
9 34 53 30 63 20
20 18 29 27 57 63
63 3 28 32 5 57
57 48 15 6 12 5
5 38 40 11 47 12
12 58 54 0 25 47
47 2 26 55 52 25
25 35 51 9 14 52
52 1 33 20 59 14
14 36 21 63 17 59
59 46 44 57 4 17
17 10 30 5 31 4
4 19 27 12 8 31
31 16 32 47 7 8
8 23 6 25 24 7
7 56 11 52 39 24
24 22 0 14 41 39
39 43 55 59 37 41
41 49 9 17 61 37
37 53 20 4 45 61
61 29 63 31 13 45
45 28 57 8 60 13
13 15 5 7 62 60
60 40 12 24 42 62
62 54 47 39 34 42
42 26 25 41 18 34

5 5 5 5 5 5
21 4 3 18 52 37
37 22 57 10 7 52
52 34 12 26 17 7
7 27 38 58 13 17
17 41 51 11 53 13
13 44 40 9 20 53
53 23 63 29 54 20
20 49 48 21 19 54
54 60 47 37 25 19
19 55 16 52 61 25
25 0 30 7 36 61
61 62 18 17 39 36
36 35 10 13 32 39
39 8 26 53 15 32
32 14 58 20 33 15
15 50 11 54 28 33
33 59 9 19 6 28
28 24 29 25 2 6
6 46 21 61 42 2
2 3 37 36 43 42
42 57 52 39 56 43
43 12 7 32 31 56
56 38 17 15 1 31
31 51 13 33 45 1
1 40 53 28 4 45
45 63 20 6 22 4
4 48 54 2 34 22
22 47 19 42 27 34
34 16 25 43 41 27
27 30 61 56 44 41
41 18 36 31 23 44
44 10 39 1 49 23
23 26 32 45 60 49
49 58 15 4 55 60
60 11 33 22 0 55
55 9 28 34 62 0
0 29 6 27 35 62
62 21 2 41 8 35
35 37 42 44 14 8
8 52 43 23 50 14
14 7 56 49 59 50
50 17 31 60 24 59
59 13 1 55 46 24
24 53 45 0 3 46
46 20 4 62 57 3
3 54 22 35 12 57
57 19 34 8 38 12
12 25 27 14 51 38
38 61 41 50 40 51
51 36 44 59 63 40
40 39 23 24 48 63
63 32 49 46 47 48
48 15 60 3 16 47
47 33 55 57 30 16
16 28 0 12 18 30
30 6 62 38 10 18
18 2 35 51 26 10
10 42 8 40 58 26
26 43 14 63 11 58
58 56 50 48 9 11
11 31 59 47 29 9
9 1 24 16 21 29
29 45 46 30 37 21

59 59 59 59 59 59
43 58 61 44 10 27
27 40 7 52 57 10
10 28 50 36 47 57
57 37 24 4 51 47
47 23 13 53 11 51
51 18 22 55 42 11
11 41 1 35 8 42
42 15 14 43 45 8
8 2 17 27 39 45
45 9 46 10 3 39
39 62 32 57 26 3
3 0 44 47 25 26
26 29 52 51 30 25
25 54 36 11 49 30
30 48 4 42 31 49
49 12 53 8 34 31
31 5 55 45 56 34
34 38 35 39 60 56
56 16 43 3 20 60
60 61 27 26 21 20
20 7 10 25 6 21
21 50 57 30 33 6
6 24 47 49 63 33
33 13 51 31 19 63
63 22 11 34 58 19
19 1 42 56 40 58
58 14 8 60 28 40
40 17 45 20 37 28
28 46 39 21 23 37
37 32 3 6 18 23
23 44 26 33 41 18
18 52 25 63 15 41
41 36 30 19 2 15
15 4 49 58 9 2
2 53 31 40 62 9
9 55 34 28 0 62
62 35 56 37 29 0
0 43 60 23 54 29
29 27 20 18 48 54
54 10 21 41 12 48
48 57 6 15 5 12
12 47 33 2 38 5
5 51 63 9 16 38
38 11 19 62 61 16
16 42 58 0 7 61
61 8 40 29 50 7
7 45 28 54 24 50
50 39 37 48 13 24
24 3 23 12 22 13
13 26 18 5 1 22
22 25 41 38 14 1
1 30 15 16 17 14
14 49 2 61 46 17
17 31 9 7 32 46
46 34 62 50 44 32
32 56 0 24 52 44
44 60 29 13 36 52
52 20 54 22 4 36
36 21 48 1 53 4
4 6 12 14 55 53
53 33 5 17 35 55
55 63 38 46 43 35
35 19 16 32 27 43

38 38 38 38 38 38
54 39 32 49 23 6
6 53 26 41 36 23
23 1 47 57 50 36
36 56 5 25 46 50
50 10 16 40 22 46
46 15 11 42 55 22
22 52 28 62 21 55
55 18 19 54 48 21
21 31 12 6 58 48
48 20 51 23 30 58
58 35 61 36 7 30
30 29 49 50 4 7
7 0 41 46 3 4
4 43 57 22 44 3
3 45 25 55 2 44
44 17 40 21 63 2
2 24 42 48 37 63
63 59 62 58 33 37
37 13 54 30 9 33
33 32 6 7 8 9
9 26 23 4 27 8
8 47 36 3 60 27
27 5 50 44 34 60
60 16 46 2 14 34
34 11 22 63 39 14
14 28 55 37 53 39
39 19 21 33 1 53
53 12 48 9 56 1
1 51 58 8 10 56
56 61 30 27 15 10
10 49 7 60 52 15
15 41 4 34 18 52
52 57 3 14 31 18
18 25 44 39 20 31
31 40 2 53 35 20
20 42 63 1 29 35
35 62 37 56 0 29
29 54 33 10 43 0
0 6 9 15 45 43
43 23 8 52 17 45
45 36 27 18 24 17
17 50 60 31 59 24
24 46 34 20 13 59
59 22 14 35 32 13
13 55 39 29 26 32
32 21 53 0 47 26
26 48 1 43 5 47
47 58 56 45 16 5
5 30 10 17 11 16
16 7 15 24 28 11
11 4 52 59 19 28
28 3 18 13 12 19
19 44 31 32 51 12
12 2 20 26 61 51
51 63 35 47 49 61
61 37 29 5 41 49
49 33 0 16 57 41
41 9 43 11 25 57
57 8 45 28 40 25
25 27 17 19 42 40
40 60 24 12 62 42
42 34 59 51 54 62
62 14 13 61 6 54

13 13 13 13 13 13
29 12 11 26 60 45
45 30 49 2 15 60
60 42 4 18 25 15
15 19 46 50 5 25
25 33 59 3 61 5
5 36 32 1 28 61
61 31 55 21 62 28
28 57 56 29 27 62
62 52 39 45 17 27
27 63 24 60 53 17
17 8 22 15 44 53
53 54 26 25 47 44
44 43 2 5 40 47
47 0 18 61 7 40
40 6 50 28 41 7
7 58 3 62 20 41
41 51 1 27 14 20
20 16 21 17 10 14
14 38 29 53 34 10
10 11 45 44 35 34
34 49 60 47 48 35
35 4 15 40 23 48
48 46 25 7 9 23
23 59 5 41 37 9
9 32 61 20 12 37
37 55 28 14 30 12
12 56 62 10 42 30
30 39 27 34 19 42
42 24 17 35 33 19
19 22 53 48 36 33
33 26 44 23 31 36
36 2 47 9 57 31
31 18 40 37 52 57
57 50 7 12 63 52
52 3 41 30 8 63
63 1 20 42 54 8
8 21 14 19 43 54
54 29 10 33 0 43
43 45 34 36 6 0
0 60 35 31 58 6
6 15 48 57 51 58
58 25 23 52 16 51
51 5 9 63 38 16
16 61 37 8 11 38
38 28 12 54 49 11
11 62 30 43 4 49
49 27 42 0 46 4
4 17 19 6 59 46
46 53 33 58 32 59
59 44 36 51 55 32
32 47 31 16 56 55
55 40 57 38 39 56
56 7 52 11 24 39
39 41 63 49 22 24
24 20 8 4 26 22
22 14 54 46 2 26
26 10 43 59 18 2
2 34 0 32 50 18
18 35 6 55 3 50
50 48 58 56 1 3
3 23 51 39 21 1
1 9 16 24 29 21
21 37 38 22 45 29

11 11 11 11 11 11
27 10 13 28 58 43
43 24 55 4 9 58
58 44 2 20 31 9
9 21 40 52 3 31
31 39 61 5 59 3
3 34 38 7 26 59
59 25 49 19 56 26
26 63 62 27 29 56
56 50 33 43 23 29
29 57 30 58 51 23
23 14 16 9 42 51
51 48 28 31 41 42
42 45 4 3 46 41
41 6 20 59 1 46
46 0 52 26 47 1
1 60 5 56 18 47
47 53 7 29 8 18
18 22 19 23 12 8
8 32 27 51 36 12
12 13 43 42 37 36
36 55 58 41 54 37
37 2 9 46 17 54
54 40 31 1 15 17
17 61 3 47 35 15
15 38 59 18 10 35
35 49 26 8 24 10
10 62 56 12 44 24
24 33 29 36 21 44
44 30 23 37 39 21
21 16 51 54 34 39
39 28 42 17 25 34
34 4 41 15 63 25
25 20 46 35 50 63
63 52 1 10 57 50
50 5 47 24 14 57
57 7 18 44 48 14
14 19 8 21 45 48
48 27 12 39 6 45
45 43 36 34 0 6
6 58 37 25 60 0
0 9 54 63 53 60
60 31 17 50 22 53
53 3 15 57 32 22
22 59 35 14 13 32
32 26 10 48 55 13
13 56 24 45 2 55
55 29 44 6 40 2
2 23 21 0 61 40
40 51 39 60 38 61
61 42 34 53 49 38
38 41 25 22 62 49
49 46 63 32 33 62
62 1 50 13 30 33
33 47 57 55 16 30
30 18 14 2 28 16
16 8 48 40 4 28
28 12 45 61 20 4
4 36 6 38 52 20
20 37 0 49 5 52
52 54 60 62 7 5
5 17 53 33 19 7
7 15 22 30 27 19
19 35 32 16 43 27

55 55 55 55 55 55
39 54 49 32 6 23
23 36 11 56 53 6
6 16 62 40 35 53
53 41 20 8 63 35
35 27 1 57 7 63
63 30 26 59 38 7
7 37 13 47 4 38
38 3 2 39 33 4
4 14 29 23 43 33
33 5 34 6 15 43
43 50 44 53 22 15
15 12 32 35 21 22
22 17 56 63 18 21
21 58 40 7 61 18
18 60 8 38 19 61
61 0 57 4 46 19
19 9 59 33 52 46
46 42 47 43 48 52
52 28 39 15 24 48
48 49 23 22 25 24
24 11 6 21 10 25
25 62 53 18 45 10
10 20 35 61 51 45
45 1 63 19 31 51
51 26 7 46 54 31
31 13 38 52 36 54
54 2 4 48 16 36
36 29 33 24 41 16
16 34 43 25 27 41
41 44 15 10 30 27
27 32 22 45 37 30
30 56 21 51 3 37
37 40 18 31 14 3
3 8 61 54 5 14
14 57 19 36 50 5
5 59 46 16 12 50
50 47 52 41 17 12
12 39 48 27 58 17
17 23 24 30 60 58
58 6 25 37 0 60
60 53 10 3 9 0
0 35 45 14 42 9
9 63 51 5 28 42
42 7 31 50 49 28
28 38 54 12 11 49
49 4 36 17 62 11
11 33 16 58 20 62
62 43 41 60 1 20
20 15 27 0 26 1
1 22 30 9 13 26
26 21 37 42 2 13
13 18 3 28 29 2
2 61 14 49 34 29
29 19 5 11 44 34
34 46 50 62 32 44
44 52 12 20 56 32
32 48 17 1 40 56
56 24 58 26 8 40
40 25 60 13 57 8
8 10 0 2 59 57
57 45 9 29 47 59
59 51 42 34 39 47
47 31 28 44 23 39

62 62 62 62 62 62
46 63 56 41 15 30
30 45 2 49 60 15
15 25 55 33 42 60
60 32 29 1 54 42
42 18 8 48 14 54
54 23 19 50 47 14
14 44 4 38 13 47
47 10 11 46 40 13
13 7 20 30 34 40
40 12 43 15 6 34
34 59 37 60 31 6
6 5 41 42 28 31
31 24 49 54 27 28
28 51 33 14 52 27
27 53 1 47 26 52
52 9 48 13 39 26
26 0 50 40 61 39
39 35 38 34 57 61
61 21 46 6 17 57
57 56 30 31 16 17
17 2 15 28 3 16
16 55 60 27 36 3
3 29 42 52 58 36
36 8 54 26 22 58
58 19 14 39 63 22
22 4 47 61 45 63
63 11 13 57 25 45
45 20 40 17 32 25
25 43 34 16 18 32
32 37 6 3 23 18
18 41 31 36 44 23
23 49 28 58 10 44
44 33 27 22 7 10
10 1 52 63 12 7
7 48 26 45 59 12
12 50 39 25 5 59
59 38 61 32 24 5
5 46 57 18 51 24
24 30 17 23 53 51
51 15 16 44 9 53
53 60 3 10 0 9
9 42 36 7 35 0
0 54 58 12 21 35
35 14 22 59 56 21
21 47 63 5 2 56
56 13 45 24 55 2
2 40 25 51 29 55
55 34 32 53 8 29
29 6 18 9 19 8
8 31 23 0 4 19
19 28 44 35 11 4
4 27 10 21 20 11
11 52 7 56 43 20
20 26 12 2 37 43
43 39 59 55 41 37
37 61 5 29 49 41
41 57 24 8 33 49
49 17 51 19 1 33
33 16 53 4 48 1
1 3 9 11 50 48
48 36 0 20 38 50
50 58 35 43 46 38
38 22 21 37 30 46

29 29 29 29 29 29
13 28 27 10 44 61
61 14 33 18 31 44
44 58 20 2 9 31
31 3 62 34 21 9
9 49 43 19 45 21
21 52 48 17 12 45
45 15 39 5 46 12
12 41 40 13 11 46
46 36 55 61 1 11
11 47 8 44 37 1
1 24 6 31 60 37
37 38 10 9 63 60
60 59 18 21 56 63
63 16 2 45 23 56
56 22 34 12 57 23
23 42 19 46 4 57
57 35 17 11 30 4
4 0 5 1 26 30
30 54 13 37 50 26
26 27 61 60 51 50
50 33 44 63 32 51
51 20 31 56 7 32
32 62 9 23 25 7
7 43 21 57 53 25
25 48 45 4 28 53
53 39 12 30 14 28
28 40 46 26 58 14
14 55 11 50 3 58
58 8 1 51 49 3
3 6 37 32 52 49
49 10 60 7 15 52
52 18 63 25 41 15
15 2 56 53 36 41
41 34 23 28 47 36
36 19 57 14 24 47
47 17 4 58 38 24
24 5 30 3 59 38
38 13 26 49 16 59
59 61 50 52 22 16
16 44 51 15 42 22
22 31 32 41 35 42
42 9 7 36 0 35
35 21 25 47 54 0
0 45 53 24 27 54
54 12 28 38 33 27
27 46 14 59 20 33
33 11 58 16 62 20
20 1 3 22 43 62
62 37 49 42 48 43
43 60 52 35 39 48
48 63 15 0 40 39
39 56 41 54 55 40
40 23 36 27 8 55
55 57 47 33 6 8
8 4 24 20 10 6
6 30 38 62 18 10
10 26 59 43 2 18
18 50 16 48 34 2
2 51 22 39 19 34
34 32 42 40 17 19
19 7 35 55 5 17
17 25 0 8 13 5
5 53 54 6 61 13

43 43 43 43 43 43
59 42 45 60 26 11
11 56 23 36 41 26
26 12 34 52 63 41
41 53 8 20 35 63
63 7 29 37 27 35
35 2 6 39 58 27
27 57 17 51 24 58
58 31 30 59 61 24
24 18 1 11 55 61
61 25 62 26 19 55
55 46 48 41 10 19
19 16 60 63 9 10
10 13 36 35 14 9
9 38 52 27 33 14
14 32 20 58 15 33
33 28 37 24 50 15
15 21 39 61 40 50
50 54 51 55 44 40
40 0 59 19 4 44
44 45 11 10 5 4
4 23 26 9 22 5
5 34 41 14 49 22
22 8 63 33 47 49
49 29 35 15 3 47
47 6 27 50 42 3
3 17 58 40 56 42
42 30 24 44 12 56
56 1 61 4 53 12
12 62 55 5 7 53
53 48 19 22 2 7
7 60 10 49 57 2
2 36 9 47 31 57
57 52 14 3 18 31
31 20 33 42 25 18
18 37 15 56 46 25
25 39 50 12 16 46
46 51 40 53 13 16
16 59 44 7 38 13
13 11 4 2 32 38
38 26 5 57 28 32
32 41 22 31 21 28
28 63 49 18 54 21
21 35 47 25 0 54
54 27 3 46 45 0
0 58 42 16 23 45
45 24 56 13 34 23
23 61 12 38 8 34
34 55 53 32 29 8
8 19 7 28 6 29
29 10 2 21 17 6
6 9 57 54 30 17
17 14 31 0 1 30
30 33 18 45 62 1
1 15 25 23 48 62
62 50 46 34 60 48
48 40 16 8 36 60
60 44 13 29 52 36
36 4 38 6 20 52
52 5 32 17 37 20
20 22 28 30 39 37
37 49 21 1 51 39
39 47 54 62 59 51
51 3 0 48 11 59

6 6 6 6 6 6
22 7 0 17 55 38
38 21 58 9 4 55
55 33 15 25 18 4
4 24 37 57 14 18
18 42 48 8 54 14
14 47 43 10 23 54
54 20 60 30 53 23
23 50 51 22 16 53
53 63 44 38 26 16
16 52 19 55 62 26
26 3 29 4 39 62
62 61 17 18 36 39
39 32 9 14 35 36
36 11 25 54 12 35
35 13 57 23 34 12
12 49 8 53 31 34
34 56 10 16 5 31
31 27 30 26 1 5
5 45 22 62 41 1
1 0 38 39 40 41
41 58 55 36 59 40
40 15 4 35 28 59
59 37 18 12 2 28
28 48 14 34 46 2
2 43 54 31 7 46
46 60 23 5 21 7
7 51 53 1 33 21
21 44 16 41 24 33
33 19 26 40 42 24
24 29 62 59 47 42
42 17 39 28 20 47
47 9 36 2 50 20
20 25 35 46 63 50
50 57 12 7 52 63
63 8 34 21 3 52
52 10 31 33 61 3
3 30 5 24 32 61
61 22 1 42 11 32
32 38 41 47 13 11
11 55 40 20 49 13
13 4 59 50 56 49
49 18 28 63 27 56
56 14 2 52 45 27
27 54 46 3 0 45
45 23 7 61 58 0
0 53 21 32 15 58
58 16 33 11 37 15
15 26 24 13 48 37
37 62 42 49 43 48
48 39 47 56 60 43
43 36 20 27 51 60
60 35 50 45 44 51
51 12 63 0 19 44
44 34 52 58 29 19
19 31 3 15 17 29
29 5 61 37 9 17
17 1 32 48 25 9
9 41 11 43 57 25
25 40 13 60 8 57
57 59 49 51 10 8
8 28 56 44 30 10
10 2 27 19 22 30
30 46 45 29 38 22

60 60 60 60 60 60
44 61 58 43 13 28
28 47 0 51 62 13
13 27 53 35 40 62
62 34 31 3 52 40
40 16 10 50 12 52
52 21 17 48 45 12
12 46 6 36 15 45
45 8 9 44 42 15
15 5 22 28 32 42
42 14 41 13 4 32
32 57 39 62 29 4
4 7 43 40 30 29
29 26 51 52 25 30
30 49 35 12 54 25
25 55 3 45 24 54
54 11 50 15 37 24
24 2 48 42 63 37
37 33 36 32 59 63
63 23 44 4 19 59
59 58 28 29 18 19
19 0 13 30 1 18
18 53 62 25 38 1
1 31 40 54 56 38
38 10 52 24 20 56
56 17 12 37 61 20
20 6 45 63 47 61
61 9 15 59 27 47
47 22 42 19 34 27
27 41 32 18 16 34
34 39 4 1 21 16
16 43 29 38 46 21
21 51 30 56 8 46
46 35 25 20 5 8
8 3 54 61 14 5
5 50 24 47 57 14
14 48 37 27 7 57
57 36 63 34 26 7
7 44 59 16 49 26
26 28 19 21 55 49
49 13 18 46 11 55
55 62 1 8 2 11
11 40 38 5 33 2
2 52 56 14 23 33
33 12 20 57 58 23
23 45 61 7 0 58
58 15 47 26 53 0
0 42 27 49 31 53
53 32 34 55 10 31
31 4 16 11 17 10
10 29 21 2 6 17
17 30 46 33 9 6
6 25 8 23 22 9
9 54 5 58 41 22
22 24 14 0 39 41
41 37 57 53 43 39
39 63 7 31 51 43
43 59 26 10 35 51
51 19 49 17 3 35
35 18 55 6 50 3
3 1 11 9 48 50
50 38 2 22 36 48
48 56 33 41 44 36
36 20 23 39 28 44

9 9 9 9 9 9
25 8 15 30 56 41
41 26 53 6 11 56
56 46 0 22 29 11
11 23 42 54 1 29
29 37 63 7 57 1
1 32 36 5 24 57
57 27 51 17 58 24
24 61 60 25 31 58
58 48 35 41 21 31
31 59 28 56 49 21
21 12 18 11 40 49
49 50 30 29 43 40
40 47 6 1 44 43
43 4 22 57 3 44
44 2 54 24 45 3
3 62 7 58 16 45
45 55 5 31 10 16
16 20 17 21 14 10
10 34 25 49 38 14
14 15 41 40 39 38
38 53 56 43 52 39
39 0 11 44 19 52
52 42 29 3 13 19
19 63 1 45 33 13
13 36 57 16 8 33
33 51 24 10 26 8
8 60 58 14 46 26
26 35 31 38 23 46
46 28 21 39 37 23
23 18 49 52 32 37
37 30 40 19 27 32
32 6 43 13 61 27
27 22 44 33 48 61
61 54 3 8 59 48
48 7 45 26 12 59
59 5 16 46 50 12
12 17 10 23 47 50
50 25 14 37 4 47
47 41 38 32 2 4
4 56 39 27 62 2
2 11 52 61 55 62
62 29 19 48 20 55
55 1 13 59 34 20
20 57 33 12 15 34
34 24 8 50 53 15
15 58 26 47 0 53
53 31 46 4 42 0
0 21 23 2 63 42
42 49 37 62 36 63
63 40 32 55 51 36
36 43 27 20 60 51
51 44 61 34 35 60
60 3 48 15 28 35
35 45 59 53 18 28
28 16 12 0 30 18
18 10 50 42 6 30
30 14 47 63 22 6
6 38 4 36 54 22
22 39 2 51 7 54
54 52 62 60 5 7
7 19 55 35 17 5
5 13 20 28 25 17
17 33 34 18 41 25

35 35 35 35 35 35
51 34 37 52 18 3
3 48 31 44 33 18
18 4 42 60 55 33
33 61 0 28 43 55
55 15 21 45 19 43
43 10 14 47 50 19
19 49 25 59 16 50
50 23 22 51 53 16
16 26 9 3 63 53
53 17 54 18 27 63
63 38 56 33 2 27
27 24 52 55 1 2
2 5 44 43 6 1
1 46 60 19 41 6
6 40 28 50 7 41
41 20 45 16 58 7
7 29 47 53 32 58
58 62 59 63 36 32
32 8 51 27 12 36
36 37 3 2 13 12
12 31 18 1 30 13
13 42 33 6 57 30
30 0 55 41 39 57
57 21 43 7 11 39
39 14 19 58 34 11
11 25 50 32 48 34
34 22 16 36 4 48
48 9 53 12 61 4
4 54 63 13 15 61
61 56 27 30 10 15
15 52 2 57 49 10
10 44 1 39 23 49
49 60 6 11 26 23
23 28 41 34 17 26
26 45 7 48 38 17
17 47 58 4 24 38
38 59 32 61 5 24
24 51 36 15 46 5
5 3 12 10 40 46
46 18 13 49 20 40
40 33 30 23 29 20
20 55 57 26 62 29
29 43 39 17 8 62
62 19 11 38 37 8
8 50 34 24 31 37
37 16 48 5 42 31
31 53 4 46 0 42
42 63 61 40 21 0
0 27 15 20 14 21
21 2 10 29 25 14
14 1 49 62 22 25
25 6 23 8 9 22
22 41 26 37 54 9
9 7 17 31 56 54
54 58 38 42 52 56
56 32 24 0 44 52
52 36 5 21 60 44
44 12 46 14 28 60
60 13 40 25 45 28
28 30 20 22 47 45
45 57 29 9 59 47
47 39 62 54 51 59
59 11 8 56 3 51

54 54 54 54 54 54
38 55 48 33 7 22
22 37 10 57 52 7
7 17 63 41 34 52
52 40 21 9 62 34
34 26 0 56 6 62
62 31 27 58 39 6
6 36 12 46 5 39
39 2 3 38 32 5
5 15 28 22 42 32
32 4 35 7 14 42
42 51 45 52 23 14
14 13 33 34 20 23
23 16 57 62 19 20
20 59 41 6 60 19
19 61 9 39 18 60
60 1 56 5 47 18
18 8 58 32 53 47
47 43 46 42 49 53
53 29 38 14 25 49
49 48 22 23 24 25
25 10 7 20 11 24
24 63 52 19 44 11
11 21 34 60 50 44
44 0 62 18 30 50
50 27 6 47 55 30
30 12 39 53 37 55
55 3 5 49 17 37
37 28 32 25 40 17
17 35 42 24 26 40
40 45 14 11 31 26
26 33 23 44 36 31
31 57 20 50 2 36
36 41 19 30 15 2
2 9 60 55 4 15
15 56 18 37 51 4
4 58 47 17 13 51
51 46 53 40 16 13
13 38 49 26 59 16
16 22 25 31 61 59
59 7 24 36 1 61
61 52 11 2 8 1
1 34 44 15 43 8
8 62 50 4 29 43
43 6 30 51 48 29
29 39 55 13 10 48
48 5 37 16 63 10
10 32 17 59 21 63
63 42 40 61 0 21
21 14 26 1 27 0
0 23 31 8 12 27
27 20 36 43 3 12
12 19 2 29 28 3
3 60 15 48 35 28
28 18 4 10 45 35
35 47 51 63 33 45
45 53 13 21 57 33
33 49 16 0 41 57
57 25 59 27 9 41
41 24 61 12 56 9
9 11 1 3 58 56
56 44 8 28 46 58
58 50 43 35 38 46
46 30 29 45 22 38

45 45 45 45 45 45
61 44 43 58 28 13
13 62 17 34 47 28
28 10 36 50 57 47
47 51 14 18 37 57
57 1 27 35 29 37
37 4 0 33 60 29
29 63 23 53 30 60
60 25 24 61 59 30
30 20 7 13 49 59
59 31 56 28 21 49
49 40 54 47 12 21
21 22 58 57 15 12
12 11 34 37 8 15
15 32 50 29 39 8
8 38 18 60 9 39
39 26 35 30 52 9
9 19 33 59 46 52
52 48 53 49 42 46
46 6 61 21 2 42
42 43 13 12 3 2
2 17 28 15 16 3
3 36 47 8 55 16
16 14 57 39 41 55
55 27 37 9 5 41
41 0 29 52 44 5
5 23 60 46 62 44
44 24 30 42 10 62
62 7 59 2 51 10
10 56 49 3 1 51
51 54 21 16 4 1
1 58 12 55 63 4
4 34 15 41 25 63
63 50 8 5 20 25
25 18 39 44 31 20
20 35 9 62 40 31
31 33 52 10 22 40
40 53 46 51 11 22
22 61 42 1 32 11
11 13 2 4 38 32
32 28 3 63 26 38
38 47 16 25 19 26
26 57 55 20 48 19
19 37 41 31 6 48
48 29 5 40 43 6
6 60 44 22 17 43
43 30 62 11 36 17
17 59 10 32 14 36
36 49 51 38 27 14
14 21 1 26 0 27
27 12 4 19 23 0
0 15 63 48 24 23
23 8 25 6 7 24
24 39 20 43 56 7
7 9 31 17 54 56
56 52 40 36 58 54
54 46 22 14 34 58
58 42 11 27 50 34
34 2 32 0 18 50
50 3 38 23 35 18
18 16 26 24 33 35
35 55 19 7 53 33
33 41 48 56 61 53
53 5 6 54 13 61

58 58 58 58 58 58
42 59 60 45 11 26
26 41 6 53 56 11
11 29 51 37 46 56
56 36 25 5 50 46
46 22 12 52 10 50
50 19 23 54 43 10
10 40 0 34 9 43
43 14 15 42 44 9
9 3 16 26 38 44
44 8 47 11 2 38
38 63 33 56 27 2
2 1 45 46 24 27
27 28 53 50 31 24
24 55 37 10 48 31
31 49 5 43 30 48
48 13 52 9 35 30
30 4 54 44 57 35
35 39 34 38 61 57
57 17 42 2 21 61
61 60 26 27 20 21
21 6 11 24 7 20
20 51 56 31 32 7
7 25 46 48 62 32
32 12 50 30 18 62
62 23 10 35 59 18
18 0 43 57 41 59
59 15 9 61 29 41
41 16 44 21 36 29
29 47 38 20 22 36
36 33 2 7 19 22
22 45 27 32 40 19
19 53 24 62 14 40
40 37 31 18 3 14
14 5 48 59 8 3
3 52 30 41 63 8
8 54 35 29 1 63
63 34 57 36 28 1
1 42 61 22 55 28
28 26 21 19 49 55
55 11 20 40 13 49
49 56 7 14 4 13
13 46 32 3 39 4
4 50 62 8 17 39
39 10 18 63 60 17
17 43 59 1 6 60
60 9 41 28 51 6
6 44 29 55 25 51
51 38 36 49 12 25
25 2 22 13 23 12
12 27 19 4 0 23
23 24 40 39 15 0
0 31 14 17 16 15
15 48 3 60 47 16
16 30 8 6 33 47
47 35 63 51 45 33
33 57 1 25 53 45
45 61 28 12 37 53
53 21 55 23 5 37
37 20 49 0 52 5
5 7 13 15 54 52
52 32 4 16 34 54
54 62 39 47 42 34
34 18 17 33 26 42

53 53 53 53 53 53
37 52 51 34 4 21
21 38 9 58 55 4
4 18 60 42 33 55
55 43 22 10 61 33
33 25 3 59 5 61
61 28 24 57 36 5
5 39 15 45 6 36
36 1 0 37 35 6
6 12 31 21 41 35
35 7 32 4 13 41
41 48 46 55 20 13
13 14 34 33 23 20
20 19 58 61 16 23
23 56 42 5 63 16
16 62 10 36 17 63
63 2 59 6 44 17
17 11 57 35 54 44
44 40 45 41 50 54
54 30 37 13 26 50
50 51 21 20 27 26
26 9 4 23 8 27
27 60 55 16 47 8
8 22 33 63 49 47
47 3 61 17 29 49
49 24 5 44 52 29
29 15 36 54 38 52
52 0 6 50 18 38
38 31 35 26 43 18
18 32 41 27 25 43
43 46 13 8 28 25
25 34 20 47 39 28
28 58 23 49 1 39
39 42 16 29 12 1
1 10 63 52 7 12
12 59 17 38 48 7
7 57 44 18 14 48
48 45 54 43 19 14
14 37 50 25 56 19
19 21 26 28 62 56
56 4 27 39 2 62
62 55 8 1 11 2
2 33 47 12 40 11
11 61 49 7 30 40
40 5 29 48 51 30
30 36 52 14 9 51
51 6 38 19 60 9
9 35 18 56 22 60
60 41 43 62 3 22
22 13 25 2 24 3
3 20 28 11 15 24
24 23 39 40 0 15
15 16 1 30 31 0
0 63 12 51 32 31
31 17 7 9 46 32
32 44 48 60 34 46
46 54 14 22 58 34
34 50 19 3 42 58
58 26 56 24 10 42
42 27 62 15 59 10
10 8 2 0 57 59
59 47 11 31 45 57
57 49 40 32 37 45
45 29 30 46 21 37

42 42 42 42 42 42
58 43 44 61 27 10
10 57 22 37 40 27
27 13 35 53 62 40
40 52 9 21 34 62
62 6 28 36 26 34
34 3 7 38 59 26
26 56 16 50 25 59
59 30 31 58 60 25
25 19 0 10 54 60
60 24 63 27 18 54
54 47 49 40 11 18
18 17 61 62 8 11
11 12 37 34 15 8
8 39 53 26 32 15
15 33 21 59 14 32
32 29 36 25 51 14
14 20 38 60 41 51
51 55 50 54 45 41
41 1 58 18 5 45
45 44 10 11 4 5
5 22 27 8 23 4
4 35 40 15 48 23
23 9 62 32 46 48
48 28 34 14 2 46
46 7 26 51 43 2
2 16 59 41 57 43
43 31 25 45 13 57
57 0 60 5 52 13
13 63 54 4 6 52
52 49 18 23 3 6
6 61 11 48 56 3
3 37 8 46 30 56
56 53 15 2 19 30
30 21 32 43 24 19
19 36 14 57 47 24
24 38 51 13 17 47
47 50 41 52 12 17
17 58 45 6 39 12
12 10 5 3 33 39
39 27 4 56 29 33
33 40 23 30 20 29
29 62 48 19 55 20
20 34 46 24 1 55
55 26 2 47 44 1
1 59 43 17 22 44
44 25 57 12 35 22
22 60 13 39 9 35
35 54 52 33 28 9
9 18 6 29 7 28
28 11 3 20 16 7
7 8 56 55 31 16
16 15 30 1 0 31
31 32 19 44 63 0
0 14 24 22 49 63
63 51 47 35 61 49
49 41 17 9 37 61
61 45 12 28 53 37
37 5 39 7 21 53
53 4 33 16 36 21
21 23 29 31 38 36
36 48 20 0 50 38
38 46 55 63 58 50
50 2 1 49 10 58

21 21 21 21 21 21
5 20 19 2 36 53
53 6 41 26 23 36
36 50 28 10 1 23
23 11 54 42 29 1
1 57 35 27 37 29
29 60 56 25 4 37
37 7 47 13 38 4
4 33 32 5 3 38
38 44 63 53 9 3
3 39 0 36 45 9
9 16 14 23 52 45
45 46 2 1 55 52
52 51 26 29 48 55
55 24 10 37 31 48
48 30 42 4 49 31
31 34 27 38 12 49
49 43 25 3 22 12
12 8 13 9 18 22
22 62 5 45 58 18
18 19 53 52 59 58
58 41 36 55 40 59
59 28 23 48 15 40
40 54 1 31 17 15
15 35 29 49 61 17
17 56 37 12 20 61
61 47 4 22 6 20
20 32 38 18 50 6
6 63 3 58 11 50
50 0 9 59 57 11
11 14 45 40 60 57
57 2 52 15 7 60
60 26 55 17 33 7
7 10 48 61 44 33
33 42 31 20 39 44
44 27 49 6 16 39
39 25 12 50 46 16
16 13 22 11 51 46
46 5 18 57 24 51
51 53 58 60 30 24
24 36 59 7 34 30
30 23 40 33 43 34
34 1 15 44 8 43
43 29 17 39 62 8
8 37 61 16 19 62
62 4 20 46 41 19
19 38 6 51 28 41
41 3 50 24 54 28
28 9 11 30 35 54
54 45 57 34 56 35
35 52 60 43 47 56
56 55 7 8 32 47
47 48 33 62 63 32
32 31 44 19 0 63
63 49 39 41 14 0
0 12 16 28 2 14
14 22 46 54 26 2
2 18 51 35 10 26
26 58 24 56 42 10
10 59 30 47 27 42
42 40 34 32 25 27
27 15 43 63 13 25
25 17 8 0 5 13
13 61 62 14 53 5

27 27 27 27 27 27
11 26 29 12 42 59
59 8 39 20 25 42
42 60 18 4 15 25
25 5 56 36 19 15
15 55 45 21 43 19
19 50 54 23 10 43
43 9 33 3 40 10
10 47 46 11 13 40
40 34 49 59 7 13
13 41 14 42 35 7
7 30 0 25 58 35
35 32 12 15 57 58
58 61 20 19 62 57
57 22 4 43 17 62
62 16 36 10 63 17
17 44 21 40 2 63
63 37 23 13 24 2
2 6 3 7 28 24
24 48 11 35 52 28
28 29 59 58 53 52
52 39 42 57 38 53
53 18 25 62 1 38
38 56 15 17 31 1
1 45 19 63 51 31
31 54 43 2 26 51
51 33 10 24 8 26
26 46 40 28 60 8
8 49 13 52 5 60
60 14 7 53 55 5
5 0 35 38 50 55
55 12 58 1 9 50
50 20 57 31 47 9
9 4 62 51 34 47
47 36 17 26 41 34
34 21 63 8 30 41
41 23 2 60 32 30
30 3 24 5 61 32
32 11 28 55 22 61
61 59 52 50 16 22
22 42 53 9 44 16
16 25 38 47 37 44
44 15 1 34 6 37
37 19 31 41 48 6
6 43 51 30 29 48
48 10 26 32 39 29
29 40 8 61 18 39
39 13 60 22 56 18
18 7 5 16 45 56
56 35 55 44 54 45
45 58 50 37 33 54
54 57 9 6 46 33
33 62 47 48 49 46
46 17 34 29 14 49
49 63 41 39 0 14
14 2 30 18 12 0
0 24 32 56 20 12
12 28 61 45 4 20
20 52 22 54 36 4
4 53 16 33 21 36
36 38 44 46 23 21
21 1 37 49 3 23
23 31 6 14 11 3
3 51 48 0 59 11

23 23 23 23 23 23
7 22 17 0 38 55
55 4 43 24 21 38
38 48 30 8 3 21
21 9 52 40 31 3
3 59 33 25 39 31
31 62 58 27 6 39
39 5 45 15 36 6
6 35 34 7 1 36
36 46 61 55 11 1
1 37 2 38 47 11
11 18 12 21 54 47
47 44 0 3 53 54
54 49 24 31 50 53
53 26 8 39 29 50
50 28 40 6 51 29
29 32 25 36 14 51
51 41 27 1 20 14
14 10 15 11 16 20
20 60 7 47 56 16
16 17 55 54 57 56
56 43 38 53 42 57
57 30 21 50 13 42
42 52 3 29 19 13
13 33 31 51 63 19
19 58 39 14 22 63
63 45 6 20 4 22
22 34 36 16 48 4
4 61 1 56 9 48
48 2 11 57 59 9
9 12 47 42 62 59
59 0 54 13 5 62
62 24 53 19 35 5
5 8 50 63 46 35
35 40 29 22 37 46
46 25 51 4 18 37
37 27 14 48 44 18
18 15 20 9 49 44
44 7 16 59 26 49
49 55 56 62 28 26
26 38 57 5 32 28
28 21 42 35 41 32
32 3 13 46 10 41
41 31 19 37 60 10
10 39 63 18 17 60
60 6 22 44 43 17
17 36 4 49 30 43
43 1 48 26 52 30
30 11 9 28 33 52
52 47 59 32 58 33
33 54 62 41 45 58
58 53 5 10 34 45
45 50 35 60 61 34
34 29 46 17 2 61
61 51 37 43 12 2
2 14 18 30 0 12
12 20 44 52 24 0
0 16 49 33 8 24
24 56 26 58 40 8
8 57 28 45 25 40
40 42 32 34 27 25
25 13 41 61 15 27
27 19 10 2 7 15
15 63 60 12 55 7

15 15 15 15 15 15
31 14 9 24 62 47
47 28 51 0 13 62
62 40 6 16 27 13
13 17 44 48 7 27
27 35 57 1 63 7
7 38 34 3 30 63
63 29 53 23 60 30
30 59 58 31 25 60
60 54 37 47 19 25
25 61 26 62 55 19
19 10 20 13 46 55
55 52 24 27 45 46
46 41 0 7 42 45
45 2 16 63 5 42
42 4 48 30 43 5
5 56 1 60 22 43
43 49 3 25 12 22
22 18 23 19 8 12
12 36 31 55 32 8
8 9 47 46 33 32
32 51 62 45 50 33
33 6 13 42 21 50
50 44 27 5 11 21
21 57 7 43 39 11
11 34 63 22 14 39
39 53 30 12 28 14
14 58 60 8 40 28
28 37 25 32 17 40
40 26 19 33 35 17
17 20 55 50 38 35
35 24 46 21 29 38
38 0 45 11 59 29
29 16 42 39 54 59
59 48 5 14 61 54
54 1 43 28 10 61
61 3 22 40 52 10
10 23 12 17 41 52
52 31 8 35 2 41
41 47 32 38 4 2
2 62 33 29 56 4
4 13 50 59 49 56
56 27 21 54 18 49
49 7 11 61 36 18
18 63 39 10 9 36
36 30 14 52 51 9
9 60 28 41 6 51
51 25 40 2 44 6
6 19 17 4 57 44
44 55 35 56 34 57
57 46 38 49 53 34
34 45 29 18 58 53
53 42 59 36 37 58
58 5 54 9 26 37
37 43 61 51 20 26
26 22 10 6 24 20
20 12 52 44 0 24
24 8 41 57 16 0
0 32 2 34 48 16
16 33 4 53 1 48
48 50 56 58 3 1
1 21 49 37 23 3
3 11 18 26 31 23
23 39 36 20 47 31

31 31 31 31 31 31
15 30 25 8 46 63
63 12 35 16 29 46
46 56 22 0 11 29
29 1 60 32 23 11
11 51 41 17 47 23
23 54 50 19 14 47
47 13 37 7 44 14
14 43 42 15 9 44
44 38 53 63 3 9
9 45 10 46 39 3
3 26 4 29 62 39
39 36 8 11 61 62
62 57 16 23 58 61
61 18 0 47 21 58
58 20 32 14 59 21
21 40 17 44 6 59
59 33 19 9 28 6
6 2 7 3 24 28
28 52 15 39 48 24
24 25 63 62 49 48
48 35 46 61 34 49
49 22 29 58 5 34
34 60 11 21 27 5
5 41 23 59 55 27
27 50 47 6 30 55
55 37 14 28 12 30
30 42 44 24 56 12
12 53 9 48 1 56
56 10 3 49 51 1
1 4 39 34 54 51
51 8 62 5 13 54
54 16 61 27 43 13
13 0 58 55 38 43
43 32 21 30 45 38
38 17 59 12 26 45
45 19 6 56 36 26
26 7 28 1 57 36
36 15 24 51 18 57
57 63 48 54 20 18
18 46 49 13 40 20
20 29 34 43 33 40
40 11 5 38 2 33
33 23 27 45 52 2
2 47 55 26 25 52
52 14 30 36 35 25
25 44 12 57 22 35
35 9 56 18 60 22
22 3 1 20 41 60
60 39 51 40 50 41
41 62 54 33 37 50
50 61 13 2 42 37
37 58 43 52 53 42
42 21 38 25 10 53
53 59 45 35 4 10
10 6 26 22 8 4
4 28 36 60 16 8
8 24 57 41 0 16
16 48 18 50 32 0
0 49 20 37 17 32
32 34 40 42 19 17
17 5 33 53 7 19
19 27 2 10 15 7
7 55 52 4 63 15

63 63 63 63 63 63
47 62 57 40 14 31
31 44 3 48 61 14
14 24 54 32 43 61
61 33 28 0 55 43
43 19 9 49 15 55
55 22 18 51 46 15
15 45 5 39 12 46
46 11 10 47 41 12
12 6 21 31 35 41
41 13 42 14 7 35
35 58 36 61 30 7
7 4 40 43 29 30
30 25 48 55 26 29
29 50 32 15 53 26
26 52 0 46 27 53
53 8 49 12 38 27
27 1 51 41 60 38
38 34 39 35 56 60
60 20 47 7 16 56
56 57 31 30 17 16
16 3 14 29 2 17
17 54 61 26 37 2
2 28 43 53 59 37
37 9 55 27 23 59
59 18 15 38 62 23
23 5 46 60 44 62
62 10 12 56 24 44
44 21 41 16 33 24
24 42 35 17 19 33
33 36 7 2 22 19
19 40 30 37 45 22
22 48 29 59 11 45
45 32 26 23 6 11
11 0 53 62 13 6
6 49 27 44 58 13
13 51 38 24 4 58
58 39 60 33 25 4
4 47 56 19 50 25
25 31 16 22 52 50
50 14 17 45 8 52
52 61 2 11 1 8
8 43 37 6 34 1
1 55 59 13 20 34
34 15 23 58 57 20
20 46 62 4 3 57
57 12 44 25 54 3
3 41 24 50 28 54
54 35 33 52 9 28
28 7 19 8 18 9
9 30 22 1 5 18
18 29 45 34 10 5
5 26 11 20 21 10
10 53 6 57 42 21
21 27 13 3 36 42
42 38 58 54 40 36
36 60 4 28 48 40
40 56 25 9 32 48
48 16 50 18 0 32
32 17 52 5 49 0
0 2 8 10 51 49
49 37 1 21 39 51
51 59 34 42 47 39
39 23 20 36 31 47

14 14 14 14 14 14
30 15 8 25 63 46
46 29 50 1 12 63
63 41 7 17 26 12
12 16 45 49 6 26
26 34 56 0 62 6
6 39 35 2 31 62
62 28 52 22 61 31
31 58 59 30 24 61
61 55 36 46 18 24
24 60 27 63 54 18
18 11 21 12 47 54
54 53 25 26 44 47
47 40 1 6 43 44
44 3 17 62 4 43
43 5 49 31 42 4
4 57 0 61 23 42
42 48 2 24 13 23
23 19 22 18 9 13
13 37 30 54 33 9
9 8 46 47 32 33
33 50 63 44 51 32
32 7 12 43 20 51
51 45 26 4 10 20
20 56 6 42 38 10
10 35 62 23 15 38
38 52 31 13 29 15
15 59 61 9 41 29
29 36 24 33 16 41
41 27 18 32 34 16
16 21 54 51 39 34
34 25 47 20 28 39
39 1 44 10 58 28
28 17 43 38 55 58
58 49 4 15 60 55
55 0 42 29 11 60
60 2 23 41 53 11
11 22 13 16 40 53
53 30 9 34 3 40
40 46 33 39 5 3
3 63 32 28 57 5
5 12 51 58 48 57
57 26 20 55 19 48
48 6 10 60 37 19
19 62 38 11 8 37
37 31 15 53 50 8
8 61 29 40 7 50
50 24 41 3 45 7
7 18 16 5 56 45
45 54 34 57 35 56
56 47 39 48 52 35
35 44 28 19 59 52
52 43 58 37 36 59
59 4 55 8 27 36
36 42 60 50 21 27
27 23 11 7 25 21
21 13 53 45 1 25
25 9 40 56 17 1
1 33 3 35 49 17
17 32 5 52 0 49
49 51 57 59 2 0
0 20 48 36 22 2
2 10 19 27 30 22
22 38 37 21 46 30

12 12 12 12 12 12
28 13 10 27 61 44
44 31 48 3 14 61
61 43 5 19 24 14
14 18 47 51 4 24
24 32 58 2 60 4
4 37 33 0 29 60
60 30 54 20 63 29
29 56 57 28 26 63
63 53 38 44 16 26
26 62 25 61 52 16
16 9 23 14 45 52
52 55 27 24 46 45
45 42 3 4 41 46
46 1 19 60 6 41
41 7 51 29 40 6
6 59 2 63 21 40
40 50 0 26 15 21
21 17 20 16 11 15
15 39 28 52 35 11
11 10 44 45 34 35
35 48 61 46 49 34
34 5 14 41 22 49
49 47 24 6 8 22
22 58 4 40 36 8
8 33 60 21 13 36
36 54 29 15 31 13
13 57 63 11 43 31
31 38 26 35 18 43
43 25 16 34 32 18
18 23 52 49 37 32
32 27 45 22 30 37
37 3 46 8 56 30
30 19 41 36 53 56
56 51 6 13 62 53
53 2 40 31 9 62
62 0 21 43 55 9
9 20 15 18 42 55
55 28 11 32 1 42
42 44 35 37 7 1
1 61 34 30 59 7
7 14 49 56 50 59
59 24 22 53 17 50
50 4 8 62 39 17
17 60 36 9 10 39
39 29 13 55 48 10
10 63 31 42 5 48
48 26 43 1 47 5
5 16 18 7 58 47
47 52 32 59 33 58
58 45 37 50 54 33
33 46 30 17 57 54
54 41 56 39 38 57
57 6 53 10 25 38
38 40 62 48 23 25
25 21 9 5 27 23
23 15 55 47 3 27
27 11 42 58 19 3
3 35 1 33 51 19
19 34 7 54 2 51
51 49 59 57 0 2
2 22 50 38 20 0
0 8 17 25 28 20
20 36 39 23 44 28

24 24 24 24 24 24
8 25 30 15 41 56
56 11 36 23 26 41
41 63 17 7 12 26
26 6 59 39 16 12
12 52 46 22 40 16
16 49 53 20 9 40
40 10 34 0 43 9
9 44 45 8 14 43
43 33 50 56 4 14
14 42 13 41 32 4
4 29 3 26 57 32
32 35 15 12 58 57
57 62 23 16 61 58
58 21 7 40 18 61
61 19 39 9 60 18
18 47 22 43 1 60
60 38 20 14 27 1
1 5 0 4 31 27
27 51 8 32 55 31
31 30 56 57 54 55
55 36 41 58 37 54
54 17 26 61 2 37
37 59 12 18 28 2
2 46 16 60 48 28
28 53 40 1 25 48
48 34 9 27 11 25
25 45 43 31 63 11
11 50 14 55 6 63
63 13 4 54 52 6
6 3 32 37 49 52
52 15 57 2 10 49
49 23 58 28 44 10
10 7 61 48 33 44
44 39 18 25 42 33
33 22 60 11 29 42
42 20 1 63 35 29
29 0 27 6 62 35
35 8 31 52 21 62
62 56 55 49 19 21
21 41 54 10 47 19
19 26 37 44 38 47
47 12 2 33 5 38
38 16 28 42 51 5
5 40 48 29 30 51
51 9 25 35 36 30
30 43 11 62 17 36
36 14 63 21 59 17
17 4 6 19 46 59
59 32 52 47 53 46
46 57 49 38 34 53
53 58 10 5 45 34
34 61 44 51 50 45
45 18 33 30 13 50
50 60 42 36 3 13
13 1 29 17 15 3
3 27 35 59 23 15
15 31 62 46 7 23
23 55 21 53 39 7
7 54 19 34 22 39
39 37 47 45 20 22
22 2 38 50 0 20
20 28 5 13 8 0
0 48 51 3 56 8
