0 0 0 0
9 19 12 13
19 12 10 14
12 10 23 15
10 23 7 1
23 7 13 4
7 13 14 22
13 14 15 3
14 15 1 18
15 1 4 11
1 4 22 24
4 22 3 20
22 3 18 16
3 18 11 5
18 11 24 26
11 24 20 25
24 20 16 21
20 16 5 2
16 5 26 8
5 26 25 17
26 25 21 6
25 21 2 9
21 2 8 19
2 8 17 12
8 17 6 10
17 6 9 23
6 9 19 7

9 9 9 9
18 1 21 22
1 21 19 23
21 19 5 24
19 5 16 10
5 16 22 13
16 22 23 4
22 23 24 12
23 24 10 0
24 10 13 20
10 13 4 6
13 4 12 2
4 12 0 25
12 0 20 14
0 20 6 8
20 6 2 7
6 2 25 3
2 25 14 11
25 14 8 17
14 8 7 26
8 7 3 15
7 3 11 18
3 11 17 1
11 17 26 21
17 26 15 19
26 15 18 5
15 18 1 16

19 19 19 19
1 11 4 5
11 4 2 3
4 2 12 7
2 12 26 20
12 26 5 23
26 5 3 14
5 3 7 22
3 7 20 10
7 20 23 0
20 23 14 16
23 14 22 9
14 22 10 8
22 10 0 21
10 0 16 15
0 16 9 17
16 9 8 13
9 8 21 18
8 21 15 24
21 15 17 6
15 17 13 25
17 13 18 1
13 18 24 11
18 24 6 4
24 6 25 2
6 25 1 12
25 1 11 26

12 12 12 12
21 4 24 25
4 24 22 26
24 22 8 18
22 8 10 13
8 10 25 16
10 25 26 7
25 26 18 15
26 18 13 3
18 13 16 23
13 16 7 0
16 7 15 5
7 15 3 19
15 3 23 17
3 23 0 2
23 0 5 1
0 5 19 6
5 19 17 14
19 17 2 11
17 2 1 20
2 1 6 9
1 6 14 21
6 14 11 4
14 11 20 24
11 20 9 22
20 9 21 8
9 21 4 10

10 10 10 10
19 2 22 23
2 22 20 21
22 20 3 25
20 3 17 11
3 17 23 14
17 23 21 5
23 21 25 13
21 25 11 1
25 11 14 18
11 14 5 7
14 5 13 0
5 13 1 26
13 1 18 12
1 18 7 6
18 7 0 8
7 0 26 4
0 26 12 9
26 12 6 15
12 6 8 24
6 8 4 16
8 4 9 19
4 9 15 2
9 15 24 22
15 24 16 20
24 16 19 3
16 19 2 17

23 23 23 23
5 12 8 6
12 8 3 7
8 3 16 2
3 16 18 21
16 18 6 24
18 6 7 15
6 7 2 26
7 2 21 14
2 21 24 4
21 24 15 11
24 15 26 13
15 26 14 0
26 14 4 25
14 4 11 10
4 11 13 9
11 13 0 17
13 0 25 22
0 25 10 19
25 10 9 1
10 9 17 20
9 17 22 5
17 22 19 12
22 19 1 8
19 1 20 3
1 20 5 16
20 5 12 18

7 7 7 7
16 26 10 11
26 10 17 9
10 17 18 13
17 18 5 8
18 5 11 2
5 11 9 20
11 9 13 1
9 13 8 25
13 8 2 15
8 2 20 22
2 20 1 24
20 1 25 14
1 25 15 0
25 15 22 21
15 22 24 23
22 24 14 19
24 14 0 6
14 0 21 3
0 21 23 12
21 23 19 4
23 19 6 16
19 6 3 26
6 3 12 10
3 12 4 17
12 4 16 18
4 16 26 5

13 13 13 13
22 5 25 26
5 25 23 24
25 23 6 19
23 6 11 14
6 11 26 17
11 26 24 8
26 24 19 16
24 19 14 4
19 14 17 21
14 17 8 1
17 8 16 3
8 16 4 20
16 4 21 15
4 21 1 0
21 1 3 2
1 3 20 7
3 20 15 12
20 15 0 9
15 0 2 18
0 2 7 10
2 7 12 22
7 12 9 5
12 9 18 25
9 18 10 23
18 10 22 6
10 22 5 11

14 14 14 14
23 3 26 24
3 26 21 25
26 21 7 20
21 7 9 12
7 9 24 15
9 24 25 6
24 25 20 17
25 20 12 5
20 12 15 22
12 15 6 2
15 6 17 4
6 17 5 18
17 5 22 16
5 22 2 1
22 2 4 0
2 4 18 8
4 18 16 13
18 16 1 10
16 1 0 19
1 0 8 11
0 8 13 23
8 13 10 3
13 10 19 26
10 19 11 21
19 11 23 7
11 23 3 9

15 15 15 15
24 7 18 19
7 18 25 20
18 25 2 21
25 2 13 16
2 13 19 10
13 19 20 1
19 20 21 9
20 21 16 6
21 16 10 26
16 10 1 3
10 1 9 8
1 9 6 22
9 6 26 11
6 26 3 5
26 3 8 4
3 8 22 0
8 22 11 17
22 11 5 14
11 5 4 23
5 4 0 12
4 0 17 24
0 17 14 7
17 14 23 18
14 23 12 25
23 12 24 2
12 24 7 13

1 1 1 1
10 20 13 14
20 13 11 12
13 11 21 16
11 21 8 2
21 8 14 5
8 14 12 23
14 12 16 4
12 16 2 19
16 2 5 9
2 5 23 25
5 23 4 18
23 4 19 17
4 19 9 3
19 9 25 24
9 25 18 26
25 18 17 22
18 17 3 0
17 3 24 6
3 24 26 15
24 26 22 7
26 22 0 10
22 0 6 20
0 6 15 13
6 15 7 11
15 7 10 21
7 10 20 8

4 4 4 4
13 23 16 17
23 16 14 15
16 14 24 10
14 24 2 5
24 2 17 8
2 17 15 26
17 15 10 7
15 10 5 22
10 5 8 12
5 8 26 19
8 26 7 21
26 7 22 11
7 22 12 6
22 12 19 18
12 19 21 20
19 21 11 25
21 11 6 3
11 6 18 0
6 18 20 9
18 20 25 1
20 25 3 13
25 3 0 23
3 0 9 16
0 9 1 14
9 1 13 24
1 13 23 2

22 22 22 22
4 14 7 8
14 7 5 6
7 5 15 1
5 15 20 23
15 20 8 26
20 8 6 17
8 6 1 25
6 1 23 13
1 23 26 3
23 26 17 10
26 17 25 12
17 25 13 2
25 13 3 24
13 3 10 9
3 10 12 11
10 12 2 16
12 2 24 21
2 24 9 18
24 9 11 0
9 11 16 19
11 16 21 4
16 21 18 14
21 18 0 7
18 0 19 5
0 19 4 15
19 4 14 20

3 3 3 3
12 22 15 16
22 15 13 17
15 13 26 9
13 26 1 4
26 1 16 7
1 16 17 25
16 17 9 6
17 9 4 21
9 4 7 14
4 7 25 18
7 25 6 23
25 6 21 10
6 21 14 8
21 14 18 20
14 18 23 19
18 23 10 24
23 10 8 5
10 8 20 2
8 20 19 11
20 19 24 0
19 24 5 12
24 5 2 22
5 2 11 15
2 11 0 13
11 0 12 26
0 12 22 1

18 18 18 18
0 10 3 4
10 3 1 5
3 1 14 6
1 14 25 19
14 25 4 22
25 4 5 13
4 5 6 21
5 6 19 9
6 19 22 2
19 22 13 15
22 13 21 11
13 21 9 7
21 9 2 23
9 2 15 17
2 15 11 16
15 11 7 12
11 7 23 20
7 23 17 26
23 17 16 8
17 16 12 24
16 12 20 0
12 20 26 10
20 26 8 3
26 8 24 1
8 24 0 14
24 0 10 25

11 11 11 11
20 0 23 21
0 23 18 22
23 18 4 26
18 4 15 9
4 15 21 12
15 21 22 3
21 22 26 14
22 26 9 2
26 9 12 19
9 12 3 8
12 3 14 1
3 14 2 24
14 2 19 13
2 19 8 7
19 8 1 6
8 1 24 5
1 24 13 10
24 13 7 16
13 7 6 25
7 6 5 17
6 5 10 20
5 10 16 0
10 16 25 23
16 25 17 18
25 17 20 4
17 20 0 15

24 24 24 24
6 16 0 1
16 0 7 2
0 7 11 3
7 11 22 25
11 22 1 19
22 1 2 10
1 2 3 18
2 3 25 15
3 25 19 8
25 19 10 12
19 10 18 17
10 18 15 4
18 15 8 20
15 8 12 14
8 12 17 13
12 17 4 9
17 4 20 26
4 20 14 23
20 14 13 5
14 13 9 21
13 9 26 6
9 26 23 16
26 23 5 0
23 5 21 7
5 21 6 11
21 6 16 22

20 20 20 20
2 9 5 3
9 5 0 4
5 0 13 8
0 13 24 18
13 24 3 21
24 3 4 12
3 4 8 23
4 8 18 11
8 18 21 1
18 21 12 17
21 12 23 10
12 23 11 6
23 11 1 22
11 1 17 16
1 17 10 15
17 10 6 14
10 6 22 19
6 22 16 25
22 16 15 7
16 15 14 26
15 14 19 2
14 19 25 9
19 25 7 5
25 7 26 0
7 26 2 13
26 2 9 24

16 16 16 16
25 8 19 20
8 19 26 18
19 26 0 22
26 0 14 17
0 14 20 11
14 20 18 2
20 18 22 10
18 22 17 7
22 17 11 24
17 11 2 4
11 2 10 6
2 10 7 23
10 7 24 9
7 24 4 3
24 4 6 5
4 6 23 1
6 23 9 15
23 9 3 12
9 3 5 21
3 5 1 13
5 1 15 25
1 15 12 8
15 12 21 19
12 21 13 26
21 13 25 0
13 25 8 14

5 5 5 5
14 21 17 15
21 17 12 16
17 12 25 11
12 25 0 3
25 0 15 6
0 15 16 24
15 16 11 8
16 11 3 23
11 3 6 13
3 6 24 20
6 24 8 22
24 8 23 9
8 23 13 7
23 13 20 19
13 20 22 18
20 22 9 26
22 9 7 4
9 7 19 1
7 19 18 10
19 18 26 2
18 26 4 14
26 4 1 21
4 1 10 17
1 10 2 12
10 2 14 25
2 14 21 0

26 26 26 26
8 15 2 0
15 2 6 1
2 6 10 5
6 10 21 24
10 21 0 18
21 0 1 9
0 1 5 20
1 5 24 17
5 24 18 7
24 18 9 14
18 9 20 16
9 20 17 3
20 17 7 19
17 7 14 13
7 14 16 12
14 16 3 11
16 3 19 25
3 19 13 22
19 13 12 4
13 12 11 23
12 11 25 8
11 25 22 15
25 22 4 2
22 4 23 6
4 23 8 10
23 8 15 21

25 25 25 25
7 17 1 2
17 1 8 0
1 8 9 4
8 9 23 26
9 23 2 20
23 2 0 11
2 0 4 19
0 4 26 16
4 26 20 6
26 20 11 13
20 11 19 15
11 19 16 5
19 16 6 18
16 6 13 12
6 13 15 14
13 15 5 10
15 5 18 24
5 18 12 21
18 12 14 3
12 14 10 22
14 10 24 7
10 24 21 17
24 21 3 1
21 3 22 8
3 22 7 9
22 7 17 23

21 21 21 21
3 13 6 7
13 6 4 8
6 4 17 0
4 17 19 22
17 19 7 25
19 7 8 16
7 8 0 24
8 0 22 12
0 22 25 5
22 25 16 9
25 16 24 14
16 24 12 1
24 12 5 26
12 5 9 11
5 9 14 10
9 14 1 15
14 1 26 23
1 26 11 20
26 11 10 2
11 10 15 18
10 15 23 3
15 23 20 13
23 20 2 6
20 2 18 4
2 18 3 17
18 3 13 19

2 2 2 2
11 18 14 12
18 14 9 13
14 9 22 17
9 22 6 0
22 6 12 3
6 12 13 21
12 13 17 5
13 17 0 20
17 0 3 10
0 3 21 26
3 21 5 19
21 5 20 15
5 20 10 4
20 10 26 25
10 26 19 24
26 19 15 23
19 15 4 1
15 4 25 7
4 25 24 16
25 24 23 8
24 23 1 11
23 1 7 18
1 7 16 14
7 16 8 9
16 8 11 22
8 11 18 6

8 8 8 8
17 24 11 9
24 11 15 10
11 15 19 14
15 19 3 6
19 3 9 0
3 9 10 18
9 10 14 2
10 14 6 26
14 6 0 16
6 0 18 23
0 18 2 25
18 2 26 12
2 26 16 1
26 16 23 22
16 23 25 21
23 25 12 20
25 12 1 7
12 1 22 4
1 22 21 13
22 21 20 5
21 20 7 17
20 7 4 24
7 4 13 11
4 13 5 15
13 5 17 19
5 17 24 3

17 17 17 17
26 6 20 18
6 20 24 19
20 24 1 23
24 1 12 15
1 12 18 9
12 18 19 0
18 19 23 11
19 23 15 8
23 15 9 25
15 9 0 5
9 0 11 7
0 11 8 21
11 8 25 10
8 25 5 4
25 5 7 3
5 7 21 2
7 21 10 16
21 10 4 13
10 4 3 22
4 3 2 14
3 2 16 26
2 16 13 6
16 13 22 20
13 22 14 24
22 14 26 1
14 26 6 12

6 6 6 6
15 25 9 10
25 9 16 11
9 16 20 12
16 20 4 7
20 4 10 1
4 10 11 19
10 11 12 0
11 12 7 24
12 7 1 17
7 1 19 21
1 19 0 26
19 0 24 13
0 24 17 2
24 17 21 23
17 21 26 22
21 26 13 18
26 13 2 8
13 2 23 5
2 23 22 14
23 22 18 3
22 18 8 15
18 8 5 25
8 5 14 9
5 14 3 16
14 3 15 20
3 15 25 4
