0 0 0 0 0
27 55 30 63 13
55 30 63 56 39
30 63 56 34 9
63 56 34 75 27
56 34 75 10 55
34 75 10 31 30
75 10 31 67 63
10 31 67 68 56
31 67 68 69 34
67 68 69 72 75
68 69 72 2 10
69 72 2 8 31
72 2 8 24 67
2 8 24 73 68
8 24 73 3 69
24 73 3 11 72
73 3 11 35 2
3 11 35 79 8
11 35 79 22 24
35 79 22 66 73
79 22 66 64 3
22 66 64 57 11
66 64 57 37 35
64 57 37 5 79
57 37 5 16 22
37 5 16 50 66
5 16 50 44 64
16 50 44 25 57
50 44 25 77 37
44 25 77 15 5
25 77 15 46 16
77 15 46 32 50
15 46 32 71 44
46 32 71 80 25
32 71 80 26 77
71 80 26 78 15
80 26 78 18 46
26 78 18 54 32
78 18 54 29 71
18 54 29 60 80
54 29 60 45 26
29 60 45 28 78
60 45 28 59 18
45 28 59 42 54
28 59 42 20 29
59 42 20 62 60
42 20 62 53 45
20 62 53 52 28
62 53 52 48 59
53 52 48 36 42
52 48 36 1 20
48 36 1 4 62
36 1 4 12 53
1 4 12 38 52
4 12 38 6 48
12 38 6 19 36
38 6 19 58 1
6 19 58 41 4
19 58 41 17 12
58 41 17 51 38
41 17 51 47 6
17 51 47 33 19
51 47 33 74 58
47 33 74 7 41
33 74 7 23 17
74 7 23 70 51
7 23 70 76 47
23 70 76 14 33
70 76 14 43 74
76 14 43 21 7
14 43 21 65 23
43 21 65 61 70
21 65 61 49 76
65 61 49 40 14
61 49 40 13 43
49 40 13 39 21
40 13 39 9 65
13 39 9 27 61
39 9 27 55 49
9 27 55 30 40

27 27 27 27 27
54 1 57 9 40
1 57 9 2 66
57 9 2 61 36
9 2 61 21 54
2 61 21 37 1
61 21 37 58 57
21 37 58 13 9
37 58 13 14 2
58 13 14 15 61
13 14 15 18 21
14 15 18 29 37
15 18 29 35 58
18 29 35 51 13
29 35 51 19 14
35 51 19 30 15
51 19 30 38 18
19 30 38 62 29
30 38 62 25 35
38 62 25 49 51
62 25 49 12 19
25 49 12 10 30
49 12 10 3 38
12 10 3 64 62
10 3 64 32 25
3 64 32 43 49
64 32 43 77 12
32 43 77 71 10
43 77 71 52 3
77 71 52 23 64
71 52 23 42 32
52 23 42 73 43
23 42 73 59 77
42 73 59 17 71
73 59 17 26 52
59 17 26 53 23
17 26 53 24 42
26 53 24 45 73
53 24 45 0 59
24 45 0 56 17
45 0 56 6 26
0 56 6 72 53
56 6 72 55 24
6 72 55 5 45
72 55 5 69 0
55 5 69 47 56
5 69 47 8 6
69 47 8 80 72
47 8 80 79 55
8 80 79 75 5
80 79 75 63 69
79 75 63 28 47
75 63 28 31 8
63 28 31 39 80
28 31 39 65 79
31 39 65 33 75
39 65 33 46 63
65 33 46 4 28
33 46 4 68 31
46 4 68 44 39
4 68 44 78 65
68 44 78 74 33
44 78 74 60 46
78 74 60 20 4
74 60 20 34 68
60 20 34 50 44
20 34 50 16 78
34 50 16 22 74
50 16 22 41 60
16 22 41 70 20
22 41 70 48 34
41 70 48 11 50
70 48 11 7 16
48 11 7 76 22
11 7 76 67 41
7 76 67 40 70
76 67 40 66 48
67 40 66 36 11
40 66 36 54 7
66 36 54 1 76
36 54 1 57 67

55 55 55 55 55
1 29 4 37 68
29 4 37 27 13
4 37 27 8 64
37 27 8 49 1
27 8 49 65 29
8 49 65 5 4
49 65 5 41 37
65 5 41 39 27
5 41 39 43 8
41 39 43 46 49
39 43 46 54 65
43 46 54 60 5
46 54 60 79 41
54 60 79 47 39
60 79 47 58 43
79 47 58 63 46
47 58 63 6 54
58 63 6 53 60
63 6 53 77 79
6 53 77 40 47
53 77 40 38 58
77 40 38 31 63
40 38 31 11 6
38 31 11 57 53
31 11 57 71 77
11 57 71 21 40
57 71 21 15 38
71 21 15 80 31
21 15 80 48 11
15 80 48 70 57
80 48 70 20 71
48 70 20 3 21
70 20 3 42 15
20 3 42 51 80
3 42 51 78 48
42 51 78 52 70
51 78 52 73 20
78 52 73 28 3
52 73 28 0 42
73 28 0 34 51
28 0 34 19 78
0 34 19 2 52
34 19 2 30 73
19 2 30 16 28
2 30 16 72 0
30 16 72 33 34
16 72 33 24 19
72 33 24 26 2
33 24 26 22 30
24 26 22 10 16
26 22 10 56 72
22 10 56 59 33
10 56 59 67 24
56 59 67 9 26
59 67 9 61 22
67 9 61 74 10
9 61 74 32 56
61 74 32 12 59
74 32 12 69 67
32 12 69 25 9
12 69 25 18 61
69 25 18 7 74
25 18 7 45 32
18 7 45 62 12
7 45 62 75 69
45 62 75 44 25
62 75 44 50 18
75 44 50 66 7
44 50 66 17 45
50 66 17 76 62
66 17 76 36 75
17 76 36 35 44
76 36 35 23 50
36 35 23 14 66
35 23 14 68 17
23 14 68 13 76
14 68 13 64 36
68 13 64 1 35
13 64 1 29 23
64 1 29 4 14

30 30 30 30 30
57 4 60 12 43
4 60 12 5 69
60 12 5 55 39
12 5 55 24 57
5 55 24 40 4
55 24 40 61 60
24 40 61 16 12
40 61 16 17 5
61 16 17 9 55
16 17 9 21 24
17 9 21 32 40
9 21 32 29 61
21 32 29 45 16
32 29 45 22 17
29 45 22 33 9
45 22 33 41 21
22 33 41 56 32
33 41 56 19 29
41 56 19 52 45
56 19 52 15 22
19 52 15 13 33
52 15 13 6 41
15 13 6 67 56
13 6 67 35 19
6 67 35 37 52
67 35 37 80 15
35 37 80 65 13
37 80 65 46 6
80 65 46 26 67
65 46 26 36 35
46 26 36 76 37
26 36 76 62 80
36 76 62 11 65
76 62 11 20 46
62 11 20 47 26
11 20 47 18 36
20 47 18 48 76
47 18 48 3 62
18 48 3 59 11
48 3 59 0 20
3 59 0 75 47
59 0 75 58 18
0 75 58 8 48
75 58 8 63 3
58 8 63 50 59
8 63 50 2 0
63 50 2 74 75
50 2 74 73 58
2 74 73 78 8
74 73 78 66 63
73 78 66 31 50
78 66 31 34 2
66 31 34 42 74
31 34 42 68 73
34 42 68 27 78
42 68 27 49 66
68 27 49 7 31
27 49 7 71 34
49 7 71 38 42
7 71 38 72 68
71 38 72 77 27
38 72 77 54 49
72 77 54 23 7
77 54 23 28 71
54 23 28 53 38
23 28 53 10 72
28 53 10 25 77
53 10 25 44 54
10 25 44 64 23
25 44 64 51 28
44 64 51 14 53
64 51 14 1 10
51 14 1 79 25
14 1 79 70 44
1 79 70 43 64
79 70 43 69 51
70 43 69 39 14
43 69 39 57 1
69 39 57 4 79
39 57 4 60 70

63 63 63 63 63
9 37 12 45 76
37 12 45 38 21
12 45 38 16 72
45 38 16 30 9
38 16 30 73 37
16 30 73 13 12
30 73 13 49 45
73 13 49 50 38
13 49 50 51 16
49 50 51 27 30
50 51 27 65 73
51 27 65 71 13
27 65 71 60 49
65 71 60 28 50
71 60 28 66 51
60 28 66 74 27
28 66 74 17 65
66 74 17 34 71
74 17 34 58 60
17 34 58 48 28
34 58 48 46 66
58 48 46 39 74
48 46 39 19 17
46 39 19 68 34
39 19 68 79 58
19 68 79 5 48
68 79 5 26 46
79 5 26 61 39
5 26 61 32 19
26 61 32 78 68
61 32 78 1 79
32 78 1 14 5
78 1 14 53 26
1 14 53 35 61
14 53 35 62 32
53 35 62 33 78
35 62 33 54 1
62 33 54 36 14
33 54 36 11 53
54 36 11 42 35
36 11 42 0 62
11 42 0 10 33
42 0 10 41 54
0 10 41 24 36
10 41 24 56 11
41 24 56 44 42
24 56 44 8 0
56 44 8 7 10
44 8 7 3 41
8 7 3 18 24
7 3 18 64 56
3 18 64 67 44
18 64 67 75 8
64 67 75 20 7
67 75 20 69 3
75 20 69 55 18
20 69 55 40 64
69 55 40 23 67
55 40 23 80 75
40 23 80 6 20
23 80 6 2 69
80 6 2 15 55
6 2 15 29 40
2 15 29 70 23
15 29 70 59 80
29 70 59 52 6
70 59 52 31 2
59 52 31 77 15
52 31 77 25 29
31 77 25 57 70
77 25 57 47 59
25 57 47 43 52
57 47 43 4 31
47 43 4 22 77
43 4 22 76 25
4 22 76 21 57
22 76 21 72 47
76 21 72 9 43
21 72 9 37 4
72 9 37 12 22

56 56 56 56 56
2 27 5 38 66
27 5 38 28 14
5 38 28 6 65
38 28 6 50 2
28 6 50 63 27
6 50 63 3 5
50 63 3 39 38
63 3 39 40 28
3 39 40 44 6
39 40 44 47 50
40 44 47 55 63
44 47 55 61 3
47 55 61 80 39
55 61 80 45 40
61 80 45 59 44
80 45 59 64 47
45 59 64 7 55
59 64 7 51 61
64 7 51 75 80
7 51 75 41 45
51 75 41 36 59
75 41 36 32 64
41 36 32 9 7
36 32 9 58 51
32 9 58 69 75
9 58 69 22 41
58 69 22 16 36
69 22 16 78 32
22 16 78 49 9
16 78 49 71 58
78 49 71 18 69
49 71 18 4 22
71 18 4 43 16
18 4 43 52 78
4 43 52 79 49
43 52 79 53 71
52 79 53 74 18
79 53 74 29 4
53 74 29 1 43
74 29 1 35 52
29 1 35 20 79
1 35 20 0 53
35 20 0 31 74
20 0 31 17 29
0 31 17 73 1
31 17 73 34 35
17 73 34 25 20
73 34 25 24 0
34 25 24 23 31
25 24 23 11 17
24 23 11 54 73
23 11 54 57 34
11 54 57 68 25
54 57 68 10 24
57 68 10 62 23
68 10 62 72 11
10 62 72 30 54
62 72 30 13 57
72 30 13 70 68
30 13 70 26 10
13 70 26 19 62
70 26 19 8 72
26 19 8 46 30
19 8 46 60 13
8 46 60 76 70
46 60 76 42 26
60 76 42 48 19
76 42 48 67 8
42 48 67 15 46
48 67 15 77 60
67 15 77 37 76
15 77 37 33 42
77 37 33 21 48
37 33 21 12 67
33 21 12 66 15
21 12 66 14 77
12 66 14 65 37
66 14 65 2 33
14 65 2 27 21
65 2 27 5 12

34 34 34 34 34
61 8 55 16 38
8 55 16 6 64
55 16 6 59 43
16 6 59 19 61
6 59 19 44 8
59 19 44 56 55
19 44 56 11 16
44 56 11 9 6
56 11 9 13 59
11 9 13 25 19
9 13 25 33 44
13 25 33 30 56
25 33 30 49 11
33 30 49 26 9
30 49 26 28 13
49 26 28 42 25
26 28 42 57 33
28 42 57 23 30
42 57 23 47 49
57 23 47 10 26
23 47 10 17 28
47 10 17 1 42
10 17 1 71 57
17 1 71 27 23
1 71 27 41 47
71 27 41 72 10
27 41 72 66 17
41 72 66 50 1
72 66 50 18 71
66 50 18 40 27
50 18 40 80 41
18 40 80 54 72
40 80 54 12 66
80 54 12 21 50
54 12 21 48 18
12 21 48 22 40
21 48 22 52 80
48 22 52 7 54
22 52 7 60 12
52 7 60 4 21
7 60 4 79 48
60 4 79 62 22
4 79 62 0 52
79 62 0 67 7
62 0 67 51 60
0 67 51 3 4
67 51 3 75 79
51 3 75 77 62
3 75 77 73 0
75 77 73 70 67
77 73 70 35 51
73 70 35 29 3
70 35 29 37 75
35 29 37 69 77
29 37 69 31 73
37 69 31 53 70
69 31 53 2 35
31 53 2 63 29
53 2 63 39 37
2 63 39 76 69
63 39 76 78 31
39 76 78 58 53
76 78 58 24 2
78 58 24 32 63
58 24 32 45 39
24 32 45 14 76
32 45 14 20 78
45 14 20 36 58
14 20 36 68 24
20 36 68 46 32
36 68 46 15 45
68 46 15 5 14
46 15 5 74 20
15 5 74 65 36
5 74 65 38 68
74 65 38 64 46
65 38 64 43 15
38 64 43 61 5
64 43 61 8 74
43 61 8 55 65

75 75 75 75 75
21 49 24 30 61
49 24 30 50 6
24 30 50 19 57
30 50 19 42 21
50 19 42 58 49
19 42 58 25 24
42 58 25 34 30
58 25 34 35 50
25 34 35 27 19
34 35 27 39 42
35 27 39 77 58
27 39 77 74 25
39 77 74 63 34
77 74 63 40 35
74 63 40 78 27
63 40 78 59 39
40 78 59 20 77
78 59 20 37 74
59 20 37 70 63
20 37 70 33 40
37 70 33 31 78
70 33 31 51 59
33 31 51 4 20
31 51 4 80 37
51 4 80 55 70
4 80 55 17 33
80 55 17 2 31
55 17 2 64 51
17 2 64 44 4
2 64 44 54 80
64 44 54 13 55
44 54 13 26 17
54 13 26 29 2
13 26 29 38 64
26 29 38 65 44
29 38 65 36 54
38 65 36 66 13
65 36 66 48 26
36 66 48 23 29
66 48 23 45 38
48 23 45 12 65
23 45 12 22 36
45 12 22 53 66
12 22 53 0 48
22 53 0 68 23
53 0 68 47 45
0 68 47 11 12
68 47 11 10 22
47 11 10 15 53
11 10 15 3 0
10 15 3 76 68
15 3 76 79 47
3 76 79 60 11
76 79 60 5 10
79 60 5 72 15
60 5 72 67 3
5 72 67 52 76
72 67 52 8 79
67 52 8 56 60
52 8 56 9 5
8 56 9 14 72
56 9 14 18 67
9 14 18 41 52
14 18 41 73 8
18 41 73 71 56
41 73 71 28 9
73 71 28 43 14
71 28 43 62 18
28 43 62 1 41
43 62 1 69 73
62 1 69 32 71
1 69 32 46 28
69 32 46 16 43
32 46 16 7 62
46 16 7 61 1
16 7 61 6 69
7 61 6 57 32
61 6 57 21 46
6 57 21 49 16
57 21 49 24 7

10 10 10 10 10
37 65 40 73 23
65 40 73 63 49
40 73 63 44 19
73 63 44 58 37
63 44 58 20 65
44 58 20 41 40
58 20 41 77 73
20 41 77 75 63
41 77 75 79 44
77 75 79 55 58
75 79 55 9 20
79 55 9 15 41
55 9 15 7 77
9 15 7 56 75
15 7 56 13 79
7 56 13 18 55
56 13 18 42 9
13 18 42 62 15
18 42 62 5 7
42 62 5 76 56
62 5 76 74 13
5 76 74 67 18
76 74 67 47 42
74 67 47 12 62
67 47 12 26 5
47 12 26 30 76
12 26 30 51 74
26 30 51 8 67
30 51 8 57 47
51 8 57 25 12
8 57 25 29 26
57 25 29 39 30
25 29 39 78 51
29 39 78 60 8
39 78 60 6 57
78 60 6 61 25
60 6 61 1 29
6 61 1 64 39
61 1 64 36 78
1 64 36 70 60
64 36 70 28 6
36 70 28 38 61
70 28 38 66 1
28 38 66 52 64
38 66 52 0 36
66 52 0 69 70
52 0 69 33 28
0 69 33 35 38
69 33 35 31 66
33 35 31 46 52
35 31 46 11 0
31 46 11 14 69
46 11 14 22 33
11 14 22 45 35
14 22 45 16 31
22 45 16 2 46
45 16 2 68 11
16 2 68 48 14
2 68 48 24 22
68 48 24 34 45
48 24 34 27 16
24 34 27 43 2
34 27 43 54 68
27 43 54 17 48
43 54 17 3 24
54 17 3 80 34
17 3 80 59 27
3 80 59 21 43
80 59 21 53 54
59 21 53 4 17
21 53 4 72 3
53 4 72 71 80
4 72 71 32 59
72 71 32 50 21
71 32 50 23 53
32 50 23 49 4
50 23 49 19 72
23 49 19 37 71
49 19 37 65 32
19 37 65 40 50

31 31 31 31 31
58 5 61 13 44
5 61 13 3 70
61 13 3 56 40
13 3 56 25 58
3 56 25 41 5
56 25 41 62 61
25 41 62 17 13
41 62 17 15 3
62 17 15 10 56
17 15 10 22 25
15 10 22 30 41
10 22 30 27 62
22 30 27 46 17
30 27 46 23 15
27 46 23 34 10
46 23 34 39 22
23 34 39 54 30
34 39 54 20 27
39 54 20 53 46
54 20 53 16 23
20 53 16 14 34
53 16 14 7 39
16 14 7 68 54
14 7 68 33 20
7 68 33 38 53
68 33 38 78 16
33 38 78 63 14
38 78 63 47 7
78 63 47 24 68
63 47 24 37 33
47 24 37 77 38
24 37 77 60 78
37 77 60 9 63
77 60 9 18 47
60 9 18 45 24
9 18 45 19 37
18 45 19 49 77
45 19 49 4 60
19 49 4 57 9
49 4 57 1 18
4 57 1 76 45
57 1 76 59 19
1 76 59 6 49
76 59 6 64 4
59 6 64 48 57
6 64 48 0 1
64 48 0 72 76
48 0 72 74 59
0 72 74 79 6
72 74 79 67 64
74 79 67 32 48
79 67 32 35 0
67 32 35 43 72
32 35 43 66 74
35 43 66 28 79
43 66 28 50 67
66 28 50 8 32
28 50 8 69 35
50 8 69 36 43
8 69 36 73 66
69 36 73 75 28
36 73 75 55 50
73 75 55 21 8
75 55 21 29 69
55 21 29 51 36
21 29 51 11 73
29 51 11 26 75
51 11 26 42 55
11 26 42 65 21
26 42 65 52 29
42 65 52 12 51
65 52 12 2 11
52 12 2 80 26
12 2 80 71 42
2 80 71 44 65
80 71 44 70 52
71 44 70 40 12
44 70 40 58 2
70 40 58 5 80
40 58 5 61 71

67 67 67 67 67
13 41 16 49 80
41 16 49 39 25
16 49 39 11 76
49 39 11 34 13
39 11 34 77 41
11 34 77 17 16
34 77 17 53 49
77 17 53 51 39
17 53 51 46 11
53 51 46 31 34
51 46 31 66 77
46 31 66 63 17
31 66 63 55 53
66 63 55 32 51
63 55 32 70 46
55 32 70 75 31
32 70 75 9 66
70 75 9 29 63
75 9 29 62 55
9 29 62 52 32
29 62 52 50 70
62 52 50 43 75
52 50 43 23 9
50 43 23 69 29
43 23 69 74 62
23 69 74 6 52
69 74 6 18 50
74 6 18 56 43
6 18 56 33 23
18 56 33 73 69
56 33 73 5 74
33 73 5 15 6
73 5 15 45 18
5 15 45 27 56
15 45 27 54 33
45 27 54 28 73
27 54 28 58 5
54 28 58 40 15
28 58 40 12 45
58 40 12 37 27
40 12 37 4 54
12 37 4 14 28
37 4 14 42 58
4 14 42 19 40
14 42 19 57 12
42 19 57 36 37
19 57 36 0 4
57 36 0 2 14
36 0 2 7 42
0 2 7 22 19
2 7 22 68 57
7 22 68 71 36
22 68 71 79 0
68 71 79 21 2
71 79 21 64 7
79 21 64 59 22
21 64 59 44 68
64 59 44 24 71
59 44 24 72 79
44 24 72 1 21
24 72 1 3 64
72 1 3 10 59
1 3 10 30 44
3 10 30 65 24
10 30 65 60 72
30 65 60 47 1
65 60 47 35 3
60 47 35 78 10
47 35 78 20 30
35 78 20 61 65
78 20 61 48 60
20 61 48 38 47
61 48 38 8 35
48 38 8 26 78
38 8 26 80 20
8 26 80 25 61
26 80 25 76 48
80 25 76 13 38
25 76 13 41 8
76 13 41 16 26

68 68 68 68 68
14 39 17 50 78
39 17 50 40 26
17 50 40 9 77
50 40 9 35 14
40 9 35 75 39
9 35 75 15 17
35 75 15 51 50
75 15 51 52 40
15 51 52 47 9
51 52 47 32 35
52 47 32 67 75
47 32 67 64 15
32 67 64 56 51
67 64 56 30 52
64 56 30 71 47
56 30 71 76 32
30 71 76 10 67
71 76 10 27 64
76 10 27 60 56
10 27 60 53 30
27 60 53 48 71
60 53 48 44 76
53 48 44 21 10
48 44 21 70 27
44 21 70 72 60
21 70 72 7 53
70 72 7 19 48
72 7 19 54 44
7 19 54 34 21
19 54 34 74 70
54 34 74 3 72
34 74 3 16 7
74 3 16 46 19
3 16 46 28 54
16 46 28 55 34
46 28 55 29 74
28 55 29 59 3
55 29 59 41 16
29 59 41 13 46
59 41 13 38 28
41 13 38 5 55
13 38 5 12 29
38 5 12 43 59
5 12 43 20 41
12 43 20 58 13
43 20 58 37 38
20 58 37 1 5
58 37 1 0 12
37 1 0 8 43
1 0 8 23 20
0 8 23 66 58
8 23 66 69 37
23 66 69 80 1
66 69 80 22 0
69 80 22 65 8
80 22 65 57 23
22 65 57 42 66
65 57 42 25 69
57 42 25 73 80
42 25 73 2 22
25 73 2 4 65
73 2 4 11 57
2 4 11 31 42
4 11 31 63 25
11 31 63 61 73
31 63 61 45 2
63 61 45 33 4
61 45 33 79 11
45 33 79 18 31
33 79 18 62 63
79 18 62 49 61
18 62 49 36 45
62 49 36 6 33
49 36 6 24 79
36 6 24 78 18
6 24 78 26 62
24 78 26 77 49
78 26 77 14 36
26 77 14 39 6
77 14 39 17 24

69 69 69 69 69
15 43 9 51 73
43 9 51 44 18
9 51 44 13 78
51 44 13 27 15
44 13 27 79 43
13 27 79 10 9
27 79 10 46 51
79 10 46 47 44
10 46 47 48 13
46 47 48 33 27
47 48 33 71 79
48 33 71 68 10
33 71 68 57 46
71 68 57 34 47
68 57 34 63 48
57 34 63 80 33
34 63 80 14 71
63 80 14 31 68
80 14 31 55 57
14 31 55 45 34
31 55 45 52 63
55 45 52 36 80
45 52 36 25 14
52 36 25 65 31
36 25 65 76 55
25 65 76 2 45
65 76 2 23 52
76 2 23 58 36
2 23 58 29 25
23 58 29 75 65
58 29 75 7 76
29 75 7 11 2
75 7 11 50 23
7 11 50 32 58
11 50 32 59 29
50 32 59 30 75
32 59 30 60 7
59 30 60 42 11
30 60 42 17 50
60 42 17 39 32
42 17 39 6 59
17 39 6 16 30
39 6 16 38 60
6 16 38 21 42
16 38 21 62 17
38 21 62 41 39
21 62 41 5 6
62 41 5 4 16
41 5 4 0 38
5 4 0 24 21
4 0 24 70 62
0 24 70 64 41
24 70 64 72 5
70 64 72 26 4
64 72 26 66 0
72 26 66 61 24
26 66 61 37 70
66 61 37 20 64
61 37 20 77 72
37 20 77 3 26
20 77 3 8 66
77 3 8 12 61
3 8 12 35 37
8 12 35 67 20
12 35 67 56 77
35 67 56 49 3
67 56 49 28 8
56 49 28 74 12
49 28 74 22 35
28 74 22 54 67
74 22 54 53 56
22 54 53 40 49
54 53 40 1 28
53 40 1 19 74
40 1 19 73 22
1 19 73 18 54
19 73 18 78 53
73 18 78 15 40
18 78 15 43 1
78 15 43 9 19

72 72 72 72 72
18 46 21 27 58
46 21 27 47 3
21 27 47 25 54
27 47 25 39 18
47 25 39 55 46
25 39 55 22 21
39 55 22 31 27
55 22 31 32 47
22 31 32 33 25
31 32 33 36 39
32 33 36 74 55
33 36 74 80 22
36 74 80 69 31
74 80 69 37 32
80 69 37 75 33
69 37 75 56 36
37 75 56 26 74
75 56 26 43 80
56 26 43 67 69
26 43 67 30 37
43 67 30 28 75
67 30 28 48 56
30 28 48 1 26
28 48 1 77 43
48 1 77 61 67
1 77 61 14 30
77 61 14 8 28
61 14 8 70 48
14 8 70 41 1
8 70 41 60 77
70 41 60 10 61
41 60 10 23 14
60 10 23 35 8
10 23 35 44 70
23 35 44 71 41
35 44 71 42 60
44 71 42 63 10
71 42 63 45 23
42 63 45 20 35
63 45 20 51 44
45 20 51 9 71
20 51 9 19 42
51 9 19 50 63
9 19 50 6 45
19 50 6 65 20
50 6 65 53 51
6 65 53 17 9
65 53 17 16 19
53 17 16 12 50
17 16 12 0 6
16 12 0 73 65
12 0 73 76 53
0 73 76 57 17
73 76 57 2 16
76 57 2 78 12
57 2 78 64 0
2 78 64 49 73
78 64 49 5 76
64 49 5 62 57
49 5 62 15 2
5 62 15 11 78
62 15 11 24 64
15 11 24 38 49
11 24 38 79 5
24 38 79 68 62
38 79 68 34 15
79 68 34 40 11
68 34 40 59 24
34 40 59 7 38
40 59 7 66 79
59 7 66 29 68
7 66 29 52 34
66 29 52 13 40
29 52 13 4 59
52 13 4 58 7
13 4 58 3 66
4 58 3 54 29
58 3 54 18 52
3 54 18 46 13
54 18 46 21 4

2 2 2 2 2
29 54 32 65 12
54 32 65 55 41
32 65 55 33 11
65 55 33 77 29
55 33 77 9 54
33 77 9 30 32
77 9 30 66 65
9 30 66 67 55
30 66 67 71 33
66 67 71 74 77
67 71 74 1 9
71 74 1 7 30
74 1 7 26 66
1 7 26 72 67
7 26 72 5 71
26 72 5 10 74
72 5 10 34 1
5 10 34 78 7
10 34 78 21 26
34 78 21 68 72
78 21 68 63 5
21 68 63 59 10
68 63 59 36 34
63 59 36 4 78
59 36 4 15 21
36 4 15 49 68
4 15 49 43 63
15 49 43 24 59
49 43 24 76 36
43 24 76 17 4
24 76 17 45 15
76 17 45 31 49
17 45 31 70 43
45 31 70 79 24
31 70 79 25 76
70 79 25 80 17
79 25 80 20 45
25 80 20 56 31
80 20 56 28 70
20 56 28 62 79
56 28 62 47 25
28 62 47 27 80
62 47 27 58 20
47 27 58 44 56
27 58 44 19 28
58 44 19 61 62
44 19 61 52 47
19 61 52 51 27
61 52 51 50 58
52 51 50 38 44
51 50 38 0 19
50 38 0 3 61
38 0 3 14 52
0 3 14 37 51
3 14 37 8 50
14 37 8 18 38
37 8 18 57 0
8 18 57 40 3
18 57 40 16 14
57 40 16 53 37
40 16 53 46 8
16 53 46 35 18
53 46 35 73 57
46 35 73 6 40
35 73 6 22 16
73 6 22 69 53
6 22 69 75 46
22 69 75 13 35
69 75 13 42 73
75 13 42 23 6
13 42 23 64 22
42 23 64 60 69
23 64 60 48 75
64 60 48 39 13
60 48 39 12 42
48 39 12 41 23
39 12 41 11 64
12 41 11 29 60
41 11 29 54 48
11 29 54 32 39

8 8 8 8 8
35 60 29 71 9
60 29 71 61 38
29 71 61 30 17
71 61 30 74 35
61 30 74 15 60
30 74 15 27 29
74 15 27 63 71
15 27 63 64 61
27 63 64 68 30
63 64 68 80 74
64 68 80 7 15
68 80 7 4 27
80 7 4 23 63
7 4 23 78 64
4 23 78 2 68
23 78 2 16 80
78 2 16 31 7
2 16 31 75 4
16 31 75 18 23
31 75 18 65 78
75 18 65 69 2
18 65 69 56 16
65 69 56 42 31
69 56 42 1 75
56 42 1 12 18
42 1 12 46 65
1 12 46 40 69
12 46 40 21 56
46 40 21 73 42
40 21 73 14 1
21 73 14 51 12
73 14 51 28 46
14 51 28 67 40
51 28 67 76 21
28 67 76 22 73
67 76 22 77 14
76 22 77 26 51
22 77 26 62 28
77 26 62 34 67
26 62 34 59 76
62 34 59 53 22
34 59 53 33 77
59 53 33 55 26
53 33 55 41 62
33 55 41 25 34
55 41 25 58 59
41 25 58 49 53
25 58 49 48 33
58 49 48 47 55
49 48 47 44 41
48 47 44 6 25
47 44 6 0 58
44 6 0 11 49
6 0 11 43 48
0 11 43 5 47
11 43 5 24 44
43 5 24 54 6
5 24 54 37 0
24 54 37 13 11
54 37 13 50 43
37 13 50 52 5
13 50 52 32 24
50 52 32 79 54
52 32 79 3 37
32 79 3 19 13
79 3 19 66 50
3 19 66 72 52
19 66 72 10 32
66 72 10 39 79
72 10 39 20 3
10 39 20 70 19
39 20 70 57 66
20 70 57 45 72
70 57 45 36 10
57 45 36 9 39
45 36 9 38 20
36 9 38 17 70
9 38 17 35 57
38 17 35 60 45
17 35 60 29 36

24 24 24 24 24
51 79 45 60 1
79 45 60 80 27
45 60 80 49 6
60 80 49 63 51
80 49 63 7 79
49 63 7 46 45
63 7 46 55 60
7 46 55 56 80
46 55 56 57 49
55 56 57 69 63
56 57 69 26 7
57 69 26 23 46
69 26 23 12 55
26 23 12 70 56
23 12 70 18 57
12 70 18 8 69
70 18 8 50 26
18 8 50 67 23
8 50 67 10 12
50 67 10 54 70
67 10 54 61 18
10 54 61 72 8
54 61 72 34 50
61 72 34 20 67
72 34 20 4 10
34 20 4 38 54
20 4 38 32 61
4 38 32 13 72
38 32 13 65 34
32 13 65 3 20
13 65 3 43 4
65 3 43 47 38
3 43 47 59 32
43 47 59 68 13
47 59 68 14 65
59 68 14 66 3
68 14 66 15 43
14 66 15 78 47
66 15 78 53 59
15 78 53 75 68
78 53 75 42 14
53 75 42 52 66
75 42 52 74 15
42 52 74 30 78
52 74 30 17 53
74 30 17 77 75
30 17 77 41 42
17 77 41 40 52
77 41 40 36 74
41 40 36 33 30
40 36 33 25 17
36 33 25 19 77
33 25 19 0 41
25 19 0 35 40
19 0 35 21 36
0 35 21 16 33
35 21 16 73 25
21 16 73 29 19
16 73 29 5 0
73 29 5 39 35
29 5 39 44 21
5 39 44 48 16
39 44 48 71 73
44 48 71 22 29
48 71 22 11 5
71 22 11 58 39
22 11 58 64 44
11 58 64 2 48
58 64 2 31 71
64 2 31 9 22
2 31 9 62 11
31 9 62 76 58
9 62 76 37 64
62 76 37 28 2
76 37 28 1 31
37 28 1 27 9
28 1 27 6 62
1 27 6 51 76
27 6 51 79 37
6 51 79 45 28

73 73 73 73 73
19 47 22 28 59
47 22 28 45 4
22 28 45 26 55
28 45 26 40 19
45 26 40 56 47
26 40 56 23 22
40 56 23 32 28
56 23 32 30 45
23 32 30 34 26
32 30 34 37 40
30 34 37 72 56
34 37 72 78 23
37 72 78 70 32
72 78 70 38 30
78 70 38 76 34
70 38 76 54 37
38 76 54 24 72
76 54 24 44 78
54 24 44 68 70
24 44 68 31 38
44 68 31 29 76
68 31 29 49 54
31 29 49 2 24
29 49 2 75 44
49 2 75 62 68
2 75 62 12 31
75 62 12 6 29
62 12 6 71 49
12 6 71 39 2
6 71 39 61 75
71 39 61 11 62
39 61 11 21 12
61 11 21 33 6
11 21 33 42 71
21 33 42 69 39
33 42 69 43 61
42 69 43 64 11
69 43 64 46 21
43 64 46 18 33
64 46 18 52 42
46 18 52 10 69
18 52 10 20 43
52 10 20 48 64
10 20 48 7 46
20 48 7 63 18
48 7 63 51 52
7 63 51 15 10
63 51 15 17 20
51 15 17 13 48
15 17 13 1 7
17 13 1 74 63
13 1 74 77 51
1 74 77 58 15
74 77 58 0 17
77 58 0 79 13
58 0 79 65 1
0 79 65 50 74
79 65 50 3 77
65 50 3 60 58
50 3 60 16 0
3 60 16 9 79
60 16 9 25 65
16 9 25 36 50
9 25 36 80 3
25 36 80 66 60
36 80 66 35 16
80 66 35 41 9
66 35 41 57 25
35 41 57 8 36
41 57 8 67 80
57 8 67 27 66
8 67 27 53 35
67 27 53 14 41
27 53 14 5 57
53 14 5 59 8
14 5 59 4 67
5 59 4 55 27
59 4 55 19 53
4 55 19 47 14
55 19 47 22 5

3 3 3 3 3
30 58 33 66 16
58 33 66 59 42
33 66 59 28 12
66 59 28 78 30
59 28 78 13 58
28 78 13 34 33
78 13 34 70 66
13 34 70 71 59
34 70 71 63 28
70 71 63 75 78
71 63 75 5 13
63 75 5 2 34
75 5 2 18 70
5 2 18 76 71
2 18 76 6 63
18 76 6 14 75
76 6 14 29 5
6 14 29 73 2
14 29 73 25 18
29 73 25 69 76
73 25 69 67 6
25 69 67 60 14
69 67 60 40 29
67 60 40 8 73
60 40 8 10 25
40 8 10 53 69
8 10 53 38 67
10 53 38 19 60
53 38 19 80 40
38 19 80 9 8
19 80 9 49 10
80 9 49 35 53
9 49 35 65 38
49 35 65 74 19
35 65 74 20 80
65 74 20 72 9
74 20 72 21 49
20 72 21 57 35
72 21 57 32 65
21 57 32 54 74
57 32 54 48 20
32 54 48 31 72
54 48 31 62 21
48 31 62 36 57
31 62 36 23 32
62 36 23 56 54
36 23 56 47 48
23 56 47 46 31
56 47 46 51 62
47 46 51 39 36
46 51 39 4 23
51 39 4 7 56
39 4 7 15 47
4 7 15 41 46
7 15 41 0 51
15 41 0 22 39
41 0 22 61 4
0 22 61 44 7
22 61 44 11 15
61 44 11 45 41
44 11 45 50 0
11 45 50 27 22
45 50 27 77 61
50 27 77 1 44
27 77 1 26 11
77 1 26 64 45
1 26 64 79 50
26 64 79 17 27
64 79 17 37 77
79 17 37 24 1
17 37 24 68 26
37 24 68 55 64
24 68 55 52 79
68 55 52 43 17
55 52 43 16 37
52 43 16 42 24
43 16 42 12 68
16 42 12 30 55
42 12 30 58 52
12 30 58 33 43

11 11 11 11 11
38 63 41 74 21
63 41 74 64 50
41 74 64 42 20
74 64 42 59 38
64 42 59 18 63
42 59 18 39 41
59 18 39 75 74
18 39 75 76 64
39 75 76 80 42
75 76 80 56 59
76 80 56 10 18
80 56 10 16 39
56 10 16 8 75
10 16 8 54 76
16 8 54 14 80
8 54 14 19 56
54 14 19 43 10
14 19 43 60 16
19 43 60 3 8
43 60 3 77 54
60 3 77 72 14
3 77 72 68 19
77 72 68 45 43
72 68 45 13 60
68 45 13 24 3
45 13 24 31 77
13 24 31 52 72
24 31 52 6 68
31 52 6 58 45
52 6 58 26 13
6 58 26 27 24
58 26 27 40 31
26 27 40 79 52
27 40 79 61 6
40 79 61 7 58
79 61 7 62 26
61 7 62 2 27
7 62 2 65 40
62 2 65 37 79
2 65 37 71 61
65 37 71 29 7
37 71 29 36 62
71 29 36 67 2
29 36 67 53 65
36 67 53 1 37
67 53 1 70 71
53 1 70 34 29
1 70 34 33 36
70 34 33 32 67
34 33 32 47 53
33 32 47 9 1
32 47 9 12 70
47 9 12 23 34
9 12 23 46 33
12 23 46 17 32
23 46 17 0 47
46 17 0 66 9
17 0 66 49 12
0 66 49 25 23
66 49 25 35 46
49 25 35 28 17
25 35 28 44 0
35 28 44 55 66
28 44 55 15 49
44 55 15 4 25
55 15 4 78 35
15 4 78 57 28
4 78 57 22 44
78 57 22 51 55
57 22 51 5 15
22 51 5 73 4
51 5 73 69 78
5 73 69 30 57
73 69 30 48 22
69 30 48 21 51
30 48 21 50 5
48 21 50 20 73
21 50 20 38 69
50 20 38 63 30
20 38 63 41 48

35 35 35 35 35
62 6 56 17 36
6 56 17 7 65
56 17 7 57 44
17 7 57 20 62
7 57 20 42 6
57 20 42 54 56
20 42 54 9 17
42 54 9 10 7
54 9 10 14 57
9 10 14 26 20
10 14 26 34 42
14 26 34 31 54
26 34 31 50 9
34 31 50 24 10
31 50 24 29 14
50 24 29 43 26
24 29 43 58 34
29 43 58 21 31
43 58 21 45 50
58 21 45 11 24
21 45 11 15 29
45 11 15 2 43
11 15 2 69 58
15 2 69 28 21
2 69 28 39 45
69 28 39 73 11
28 39 73 67 15
39 73 67 48 2
73 67 48 19 69
67 48 19 41 28
48 19 41 78 39
19 41 78 55 73
41 78 55 13 67
78 55 13 22 48
55 13 22 49 19
13 22 49 23 41
22 49 23 53 78
49 23 53 8 55
23 53 8 61 13
53 8 61 5 22
8 61 5 80 49
61 5 80 60 23
5 80 60 1 53
80 60 1 68 8
60 1 68 52 61
1 68 52 4 5
68 52 4 76 80
52 4 76 75 60
4 76 75 74 1
76 75 74 71 68
75 74 71 33 52
74 71 33 27 4
71 33 27 38 76
33 27 38 70 75
27 38 70 32 74
38 70 32 51 71
70 32 51 0 33
32 51 0 64 27
51 0 64 40 38
0 64 40 77 70
64 40 77 79 32
40 77 79 59 51
77 79 59 25 0
79 59 25 30 64
59 25 30 46 40
25 30 46 12 77
30 46 12 18 79
46 12 18 37 59
12 18 37 66 25
18 37 66 47 30
37 66 47 16 46
66 47 16 3 12
47 16 3 72 18
16 3 72 63 37
3 72 63 36 66
72 63 36 65 47
63 36 65 44 16
36 65 44 62 3
65 44 62 6 72
44 62 6 56 63

79 79 79 79 79
25 53 19 34 56
53 19 34 51 1
19 34 51 23 61
34 51 23 37 25
51 23 37 62 53
23 37 62 20 19
37 62 20 29 34
62 20 29 27 51
20 29 27 31 23
29 27 31 43 37
27 31 43 78 62
31 43 78 75 20
43 78 75 67 29
78 75 67 44 27
75 67 44 73 31
67 44 73 60 43
44 73 60 21 78
73 60 21 41 75
60 21 41 65 67
21 41 65 28 44
41 65 28 35 73
65 28 35 46 60
28 35 46 8 21
35 46 8 72 41
46 8 72 59 65
8 72 59 9 28
72 59 9 3 35
59 9 3 68 46
9 3 68 36 8
3 68 36 58 72
68 36 58 17 59
36 58 17 18 9
58 17 18 30 3
17 18 30 39 68
18 30 39 66 36
30 39 66 40 58
39 66 40 70 17
66 40 70 52 18
40 70 52 24 30
70 52 24 49 39
52 24 49 16 66
24 49 16 26 40
49 16 26 45 70
16 26 45 4 52
26 45 4 69 24
45 4 69 48 49
4 69 48 12 16
69 48 12 14 26
48 12 14 10 45
12 14 10 7 4
14 10 7 80 69
10 7 80 74 48
7 80 74 55 12
80 74 55 6 14
74 55 6 76 10
55 6 76 71 7
6 76 71 47 80
76 71 47 0 74
71 47 0 57 55
47 0 57 13 6
0 57 13 15 76
57 13 15 22 71
13 15 22 42 47
15 22 42 77 0
22 42 77 63 57
42 77 63 32 13
77 63 32 38 15
63 32 38 54 22
32 38 54 5 42
38 54 5 64 77
54 5 64 33 63
5 64 33 50 32
64 33 50 11 38
33 50 11 2 54
50 11 2 56 5
11 2 56 1 64
2 56 1 61 33
56 1 61 25 50
1 61 25 53 11
61 25 53 19 2

22 22 22 22 22
49 77 52 58 8
77 52 58 75 34
52 58 75 47 4
58 75 47 70 49
75 47 70 5 77
47 70 5 53 52
70 5 53 62 58
5 53 62 60 75
53 62 60 55 47
62 60 55 67 70
60 55 67 21 5
55 67 21 18 53
67 21 18 10 62
21 18 10 68 60
18 10 68 25 55
10 68 25 3 67
68 25 3 45 21
25 3 45 65 18
3 45 65 17 10
45 65 17 61 68
65 17 61 59 25
17 61 59 79 3
61 59 79 32 45
59 79 32 24 65
79 32 24 2 17
32 24 2 42 61
24 2 42 27 59
2 42 27 11 79
42 27 11 69 32
27 11 69 1 24
11 69 1 41 2
69 1 41 51 42
1 41 51 54 27
41 51 54 63 11
51 54 63 9 69
54 63 9 64 1
63 9 64 13 41
9 64 13 76 51
64 13 76 48 54
13 76 48 73 63
76 48 73 40 9
48 73 40 50 64
73 40 50 78 13
40 50 78 28 76
50 78 28 12 48
78 28 12 72 73
28 12 72 36 40
12 72 36 38 50
72 36 38 43 78
36 38 43 31 28
38 43 31 23 12
43 31 23 26 72
31 23 26 7 36
23 26 7 30 38
26 7 30 19 43
7 30 19 14 31
30 19 14 80 23
19 14 80 33 26
14 80 33 0 7
80 33 0 37 30
33 0 37 39 19
0 37 39 46 14
37 39 46 66 80
39 46 66 20 33
46 66 20 15 0
66 20 15 56 37
20 15 56 71 39
15 56 71 6 46
56 71 6 29 66
71 6 29 16 20
6 29 16 57 15
29 16 57 74 56
16 57 74 44 71
57 74 44 35 6
74 44 35 8 29
44 35 8 34 16
35 8 34 4 57
8 34 4 49 74
34 4 49 77 44
4 49 77 52 35

66 66 66 66 66
12 40 15 48 79
40 15 48 41 24
15 48 41 10 75
48 41 10 33 12
41 10 33 76 40
10 33 76 16 15
33 76 16 52 48
76 16 52 53 41
16 52 53 45 10
52 53 45 30 33
53 45 30 68 76
45 30 68 65 16
30 68 65 54 52
68 65 54 31 53
65 54 31 69 45
54 31 69 77 30
31 69 77 11 68
69 77 11 28 65
77 11 28 61 54
11 28 61 51 31
28 61 51 49 69
61 51 49 42 77
51 49 42 22 11
49 42 22 71 28
42 22 71 73 61
22 71 73 8 51
71 73 8 20 49
73 8 20 55 42
8 20 55 35 22
20 55 35 72 71
55 35 72 4 73
35 72 4 17 8
72 4 17 47 20
4 17 47 29 55
17 47 29 56 35
47 29 56 27 72
29 56 27 57 4
56 27 57 39 17
27 57 39 14 47
57 39 14 36 29
39 14 36 3 56
14 36 3 13 27
36 3 13 44 57
3 13 44 18 39
13 44 18 59 14
44 18 59 38 36
18 59 38 2 3
59 38 2 1 13
38 2 1 6 44
2 1 6 21 18
1 6 21 67 59
6 21 67 70 38
21 67 70 78 2
67 70 78 23 1
70 78 23 63 6
78 23 63 58 21
23 63 58 43 67
63 58 43 26 70
58 43 26 74 78
43 26 74 0 23
26 74 0 5 63
74 0 5 9 58
0 5 9 32 43
5 9 32 64 26
9 32 64 62 74
32 64 62 46 0
64 62 46 34 5
62 46 34 80 9
46 34 80 19 32
34 80 19 60 64
80 19 60 50 62
19 60 50 37 46
60 50 37 7 34
50 37 7 25 80
37 7 25 79 19
7 25 79 24 60
25 79 24 75 50
79 24 75 12 37
24 75 12 40 7
75 12 40 15 25

64 64 64 64 64
10 38 13 46 77
38 13 46 36 22
13 46 36 17 73
46 36 17 31 10
36 17 31 74 38
17 31 74 14 13
31 74 14 50 46
74 14 50 48 36
14 50 48 52 17
50 48 52 28 31
48 52 28 63 74
52 28 63 69 14
28 63 69 61 50
63 69 61 29 48
69 61 29 67 52
61 29 67 72 28
29 67 72 15 63
67 72 15 35 69
72 15 35 59 61
15 35 59 49 29
35 59 49 47 67
59 49 47 40 72
49 47 40 20 15
47 40 20 66 35
40 20 66 80 59
20 66 80 3 49
66 80 3 24 47
80 3 24 62 40
3 24 62 30 20
24 62 30 79 66
62 30 79 2 80
30 79 2 12 3
79 2 12 51 24
2 12 51 33 62
12 51 33 60 30
51 33 60 34 79
33 60 34 55 2
60 34 55 37 12
34 55 37 9 51
55 37 9 43 33
37 9 43 1 60
9 43 1 11 34
43 1 11 39 55
1 11 39 25 37
11 39 25 54 9
39 25 54 42 43
25 54 42 6 1
54 42 6 8 11
42 6 8 4 39
6 8 4 19 25
8 4 19 65 54
4 19 65 68 42
19 65 68 76 6
65 68 76 18 8
68 76 18 70 4
76 18 70 56 19
18 70 56 41 65
70 56 41 21 68
56 41 21 78 76
41 21 78 7 18
21 78 7 0 70
78 7 0 16 56
7 0 16 27 41
0 16 27 71 21
16 27 71 57 78
27 71 57 53 7
71 57 53 32 0
57 53 32 75 16
53 32 75 26 27
32 75 26 58 71
75 26 58 45 57
26 58 45 44 53
58 45 44 5 32
45 44 5 23 75
44 5 23 77 26
5 23 77 22 58
23 77 22 73 45
77 22 73 10 44
22 73 10 38 5
73 10 38 13 23

57 57 57 57 57
3 31 6 39 70
31 6 39 32 15
6 39 32 1 66
39 32 1 51 3
32 1 51 67 31
1 51 67 7 6
51 67 7 43 39
67 7 43 44 32
7 43 44 36 1
43 44 36 48 51
44 36 48 59 67
36 48 59 56 7
48 59 56 72 43
59 56 72 49 44
56 72 49 60 36
72 49 60 68 48
49 60 68 2 59
60 68 2 46 56
68 2 46 79 72
2 46 79 42 49
46 79 42 40 60
79 42 40 33 68
42 40 33 13 2
40 33 13 62 46
33 13 62 64 79
13 62 64 26 42
62 64 26 11 40
64 26 11 73 33
26 11 73 53 13
11 73 53 63 62
73 53 63 22 64
53 63 22 8 26
63 22 8 38 11
22 8 38 47 73
8 38 47 74 53
38 47 74 45 63
47 74 45 75 22
74 45 75 30 8
45 75 30 5 38
75 30 5 27 47
30 5 27 21 74
5 27 21 4 45
27 21 4 35 75
21 4 35 9 30
4 35 9 77 5
35 9 77 29 27
9 77 29 20 21
77 29 20 19 4
29 20 19 24 35
20 19 24 12 9
19 24 12 58 77
24 12 58 61 29
12 58 61 69 20
58 61 69 14 19
61 69 14 54 24
69 14 54 76 12
14 54 76 34 58
54 76 34 17 61
76 34 17 65 69
34 17 65 18 14
17 65 18 23 54
65 18 23 0 76
18 23 0 50 34
23 0 50 55 17
0 50 55 80 65
50 55 80 37 18
55 80 37 52 23
80 37 52 71 0
37 52 71 10 50
52 71 10 78 55
71 10 78 41 80
10 78 41 28 37
78 41 28 25 52
41 28 25 16 71
28 25 16 70 10
25 16 70 15 78
16 70 15 66 41
70 15 66 3 28
15 66 3 31 25
66 3 31 6 16

37 37 37 37 37
64 11 67 19 50
11 67 19 9 76
67 19 9 71 46
19 9 71 4 64
9 71 4 47 11
71 4 47 68 67
4 47 68 23 19
47 68 23 21 9
68 23 21 25 71
23 21 25 1 4
21 25 1 36 47
25 1 36 42 68
1 36 42 34 23
36 42 34 2 21
42 34 2 40 25
34 2 40 45 1
2 40 45 69 36
40 45 69 8 42
45 69 8 32 34
69 8 32 22 2
8 32 22 20 40
32 22 20 13 45
22 20 13 74 69
20 13 74 39 8
13 74 39 53 32
74 39 53 57 22
39 53 57 78 20
53 57 78 35 13
57 78 35 3 74
78 35 3 52 39
35 3 52 56 53
3 52 56 66 57
52 56 66 24 78
56 66 24 6 35
66 24 6 33 3
24 6 33 7 52
6 33 7 28 56
33 7 28 10 66
7 28 10 63 24
28 10 63 16 6
10 63 16 55 33
63 16 55 65 7
16 55 65 12 28
55 65 12 79 10
65 12 79 27 63
12 79 27 15 16
79 27 15 60 55
27 15 60 62 65
15 60 62 58 12
60 62 58 73 79
62 58 73 38 27
58 73 38 41 15
73 38 41 49 60
38 41 49 72 62
41 49 72 43 58
49 72 43 29 73
72 43 29 14 38
43 29 14 75 41
29 14 75 51 49
14 75 51 61 72
75 51 61 54 43
51 61 54 70 29
61 54 70 0 14
54 70 0 44 75
70 0 44 30 51
0 44 30 26 61
44 30 26 5 54
30 26 5 48 70
26 5 48 80 0
5 48 80 31 44
48 80 31 18 30
80 31 18 17 26
31 18 17 59 5
18 17 59 77 48
17 59 77 50 80
59 77 50 76 31
77 50 76 46 18
50 76 46 64 17
76 46 64 11 59
46 64 11 67 77

5 5 5 5 5
32 57 35 68 15
57 35 68 58 44
35 68 58 27 14
68 58 27 80 32
58 27 80 12 57
27 80 12 33 35
80 12 33 69 68
12 33 69 70 58
33 69 70 65 27
69 70 65 77 80
70 65 77 4 12
65 77 4 1 33
77 4 1 20 69
4 1 20 75 70
1 20 75 8 65
20 75 8 13 77
75 8 13 28 4
8 13 28 72 1
13 28 72 24 20
28 72 24 71 75
72 24 71 66 8
24 71 66 62 13
71 66 62 39 28
66 62 39 7 72
62 39 7 9 24
39 7 9 52 71
7 9 52 37 66
9 52 37 18 62
52 37 18 79 39
37 18 79 11 7
18 79 11 48 9
79 11 48 34 52
11 48 34 64 37
48 34 64 73 18
34 64 73 19 79
64 73 19 74 11
73 19 74 23 48
19 74 23 59 34
74 23 59 31 64
23 59 31 56 73
59 31 56 50 19
31 56 50 30 74
56 50 30 61 23
50 30 61 38 59
30 61 38 22 31
61 38 22 55 56
38 22 55 46 50
22 55 46 45 30
55 46 45 53 61
46 45 53 41 38
45 53 41 3 22
53 41 3 6 55
41 3 6 17 46
3 6 17 40 45
6 17 40 2 53
17 40 2 21 41
40 2 21 60 3
2 21 60 43 6
21 60 43 10 17
60 43 10 47 40
43 10 47 49 2
10 47 49 29 21
47 49 29 76 60
49 29 76 0 43
29 76 0 25 10
76 0 25 63 47
0 25 63 78 49
25 63 78 16 29
63 78 16 36 76
78 16 36 26 0
16 36 26 67 25
36 26 67 54 63
26 67 54 51 78
67 54 51 42 16
54 51 42 15 36
51 42 15 44 26
42 15 44 14 67
15 44 14 32 54
44 14 32 57 51
14 32 57 35 42

16 16 16 16 16
43 71 37 79 20
71 37 79 69 46
37 79 69 41 25
79 69 41 55 43
69 41 55 26 71
41 55 26 38 37
55 26 38 74 79
26 38 74 72 69
38 74 72 76 41
74 72 76 61 55
72 76 61 15 26
76 61 15 12 38
61 15 12 4 74
15 12 4 62 72
12 4 62 10 76
4 62 10 24 61
62 10 24 39 15
10 24 39 59 12
24 39 59 2 4
39 59 2 73 62
59 2 73 80 10
2 73 80 64 24
73 80 64 53 39
80 64 53 9 59
64 53 9 23 2
53 9 23 27 73
9 23 27 48 80
23 27 48 5 64
27 48 5 54 53
48 5 54 22 9
5 54 22 35 23
54 22 35 36 27
22 35 36 75 48
35 36 75 57 5
36 75 57 3 54
75 57 3 58 22
57 3 58 7 35
3 58 7 70 36
58 7 70 42 75
7 70 42 67 57
70 42 67 34 3
42 67 34 44 58
67 34 44 63 7
34 44 63 49 70
44 63 49 6 42
63 49 6 66 67
49 6 66 30 34
6 66 30 32 44
66 30 32 28 63
30 32 28 52 49
32 28 52 17 6
28 52 17 11 66
52 17 11 19 30
17 11 19 51 32
11 19 51 13 28
19 51 13 8 52
51 13 8 65 17
13 8 65 45 11
8 65 45 21 19
65 45 21 31 51
45 21 31 33 13
21 31 33 40 8
31 33 40 60 65
33 40 60 14 45
40 60 14 0 21
60 14 0 77 31
14 0 77 56 33
0 77 56 18 40
77 56 18 50 60
56 18 50 1 14
18 50 1 78 0
50 1 78 68 77
1 78 68 29 56
78 68 29 47 18
68 29 47 20 50
29 47 20 46 1
47 20 46 25 78
20 46 25 43 68
46 25 43 71 29
25 43 71 37 47

50 50 50 50 50
77 21 80 5 33
21 80 5 22 62
80 5 22 72 32
5 22 72 17 77
22 72 17 30 21
72 17 30 78 80
17 30 78 6 5
30 78 6 7 22
78 6 7 2 72
6 7 2 14 17
7 2 14 49 30
2 14 49 46 78
14 49 46 38 6
49 46 38 12 7
46 38 12 53 2
38 12 53 31 14
12 53 31 73 49
53 31 73 9 46
31 73 9 42 38
73 9 42 8 12
9 42 8 3 53
42 8 3 26 31
8 3 26 57 73
3 26 57 52 9
26 57 52 27 42
57 52 27 70 8
52 27 70 55 3
27 70 55 36 26
70 55 36 16 57
55 36 16 29 52
36 16 29 66 27
16 29 66 79 70
29 66 79 1 55
66 79 1 10 36
79 1 10 37 16
1 10 37 11 29
10 37 11 41 66
37 11 41 23 79
11 41 23 76 1
41 23 76 20 10
23 76 20 68 37
76 20 68 75 11
20 68 75 25 41
68 75 25 56 23
75 25 56 40 76
25 56 40 19 20
56 40 19 64 68
40 19 64 63 75
19 64 63 71 25
64 63 71 59 56
63 71 59 48 40
71 59 48 51 19
59 48 51 35 64
48 51 35 58 63
51 35 58 47 71
35 58 47 39 59
58 47 39 24 48
47 39 24 61 51
39 24 61 28 35
24 61 28 65 58
61 28 65 67 47
28 65 67 74 39
65 67 74 13 24
67 74 13 45 61
74 13 45 43 28
13 45 43 0 65
45 43 0 15 67
43 0 15 34 74
0 15 34 54 13
15 34 54 44 45
34 54 44 4 43
54 44 4 18 0
44 4 18 69 15
4 18 69 60 34
18 69 60 33 54
69 60 33 62 44
60 33 62 32 4
33 62 32 77 18
62 32 77 21 69
32 77 21 80 60

44 44 44 44 44
71 15 65 26 45
15 65 26 16 74
65 26 16 66 53
26 16 66 2 71
16 66 2 51 15
66 2 51 63 65
2 51 63 18 26
51 63 18 19 16
63 18 19 23 66
18 19 23 8 2
19 23 8 43 51
23 8 43 40 63
8 43 40 32 18
43 40 32 6 19
40 32 6 38 23
32 6 38 52 8
6 38 52 67 43
38 52 67 3 40
52 67 3 27 32
67 3 27 20 6
3 27 20 24 38
27 20 24 11 52
20 24 11 78 67
24 11 78 37 3
11 78 37 48 27
78 37 48 55 20
37 48 55 76 24
48 55 76 30 11
55 76 30 1 78
76 30 1 50 37
30 1 50 60 48
1 50 60 64 55
50 60 64 22 76
60 64 22 4 30
64 22 4 31 1
22 4 31 5 50
4 31 5 35 60
31 5 35 17 64
5 35 17 70 22
35 17 70 14 4
17 70 14 62 31
70 14 62 69 5
14 62 69 10 35
62 69 10 77 17
69 10 77 34 70
10 77 34 13 14
77 34 13 58 62
34 13 58 57 69
13 58 57 56 10
58 57 56 80 77
57 56 80 42 34
56 80 42 36 13
80 42 36 47 58
42 36 47 79 57
36 47 79 41 56
47 79 41 33 80
79 41 33 9 42
41 33 9 73 36
33 9 73 49 47
9 73 49 59 79
73 49 59 61 41
49 59 61 68 33
59 61 68 7 9
61 68 7 39 73
68 7 39 28 49
7 39 28 21 59
39 28 21 0 61
28 21 0 46 68
21 0 46 75 7
0 46 75 29 39
46 75 29 25 28
75 29 25 12 21
29 25 12 54 0
25 12 54 72 46
12 54 72 45 75
54 72 45 74 29
72 45 74 53 25
45 74 53 71 12
74 53 71 15 54
53 71 15 65 72

25 25 25 25 25
52 80 46 61 2
80 46 61 78 28
46 61 78 50 7
61 78 50 64 52
78 50 64 8 80
50 64 8 47 46
64 8 47 56 61
8 47 56 54 78
47 56 54 58 50
56 54 58 70 64
54 58 70 24 8
58 70 24 21 47
70 24 21 13 56
24 21 13 71 54
21 13 71 19 58
13 71 19 6 70
71 19 6 48 24
19 6 48 68 21
6 48 68 11 13
48 68 11 55 71
68 11 55 62 19
11 55 62 73 6
55 62 73 35 48
62 73 35 18 68
73 35 18 5 11
35 18 5 36 55
18 5 36 30 62
5 36 30 14 73
36 30 14 63 35
30 14 63 4 18
14 63 4 44 5
63 4 44 45 36
4 44 45 57 30
44 45 57 66 14
45 57 66 12 63
57 66 12 67 4
66 12 67 16 44
12 67 16 79 45
67 16 79 51 57
16 79 51 76 66
79 51 76 43 12
51 76 43 53 67
76 43 53 72 16
43 53 72 31 79
53 72 31 15 51
72 31 15 75 76
31 15 75 39 43
15 75 39 41 53
75 39 41 37 72
39 41 37 34 31
41 37 34 26 15
37 34 26 20 75
34 26 20 1 39
26 20 1 33 41
20 1 33 22 37
1 33 22 17 34
33 22 17 74 26
22 17 74 27 20
17 74 27 3 1
74 27 3 40 33
27 3 40 42 22
3 40 42 49 17
40 42 49 69 74
42 49 69 23 27
49 69 23 9 3
69 23 9 59 40
23 9 59 65 42
9 59 65 0 49
59 65 0 32 69
65 0 32 10 23
0 32 10 60 9
32 10 60 77 59
10 60 77 38 65
60 77 38 29 0
77 38 29 2 32
38 29 2 28 10
29 2 28 7 60
2 28 7 52 77
28 7 52 80 38
7 52 80 46 29

77 77 77 77 77
23 48 26 32 60
48 26 32 49 8
26 32 49 18 59
32 49 18 44 23
49 18 44 57 48
18 44 57 24 26
44 57 24 33 32
57 24 33 34 49
24 33 34 29 18
33 34 29 41 44
34 29 41 76 57
29 41 76 73 24
41 76 73 65 33
76 73 65 39 34
73 65 39 80 29
65 39 80 58 41
39 80 58 19 76
80 58 19 36 73
58 19 36 69 65
19 36 69 35 39
36 69 35 30 80
69 35 30 53 58
35 30 53 3 19
30 53 3 79 36
53 3 79 54 69
3 79 54 16 35
79 54 16 1 30
54 16 1 63 53
16 1 63 43 3
1 63 43 56 79
63 43 56 12 54
43 56 12 25 16
56 12 25 28 1
12 25 28 37 63
25 28 37 64 43
28 37 64 38 56
37 64 38 68 12
64 38 68 50 25
38 68 50 22 28
68 50 22 47 37
50 22 47 14 64
22 47 14 21 38
47 14 21 52 68
14 21 52 2 50
21 52 2 67 22
52 2 67 46 47
2 67 46 10 14
67 46 10 9 21
46 10 9 17 52
10 9 17 5 2
9 17 5 75 67
17 5 75 78 46
5 75 78 62 10
75 78 62 4 9
78 62 4 74 17
62 4 74 66 5
4 74 66 51 75
74 66 51 7 78
66 51 7 55 62
51 7 55 11 4
7 55 11 13 74
55 11 13 20 66
11 13 20 40 51
13 20 40 72 7
20 40 72 70 55
40 72 70 27 11
72 70 27 42 13
70 27 42 61 20
27 42 61 0 40
42 61 0 71 72
61 0 71 31 70
0 71 31 45 27
71 31 45 15 42
31 45 15 6 61
45 15 6 60 0
15 6 60 8 71
6 60 8 59 31
60 8 59 23 45
8 59 23 48 15
59 23 48 26 6

15 15 15 15 15
42 70 36 78 19
70 36 78 71 45
36 78 71 40 24
78 71 40 54 42
71 40 54 25 70
40 54 25 37 36
54 25 37 73 78
25 37 73 74 71
37 73 74 75 40
73 74 75 60 54
74 75 60 17 25
75 60 17 14 37
60 17 14 3 73
17 14 3 61 74
14 3 61 9 75
3 61 9 26 60
61 9 26 41 17
9 26 41 58 14
26 41 58 1 3
41 58 1 72 61
58 1 72 79 9
1 72 79 63 26
72 79 63 52 41
79 63 52 11 58
63 52 11 22 1
52 11 22 29 72
11 22 29 50 79
22 29 50 4 63
29 50 4 56 52
50 4 56 21 11
4 56 21 34 22
56 21 34 38 29
21 34 38 77 50
34 38 77 59 4
38 77 59 5 56
77 59 5 57 21
59 5 57 6 34
5 57 6 69 38
57 6 69 44 77
6 69 44 66 59
69 44 66 33 5
44 66 33 43 57
66 33 43 65 6
33 43 65 48 69
43 65 48 8 44
65 48 8 68 66
48 8 68 32 33
8 68 32 31 43
68 32 31 27 65
32 31 27 51 48
31 27 51 16 8
27 51 16 10 68
51 16 10 18 32
16 10 18 53 31
10 18 53 12 27
18 53 12 7 51
53 12 7 64 16
12 7 64 47 10
7 64 47 23 18
64 47 23 30 53
47 23 30 35 12
23 30 35 39 7
30 35 39 62 64
35 39 62 13 47
39 62 13 2 23
62 13 2 76 30
13 2 76 55 35
2 76 55 20 39
76 55 20 49 62
55 20 49 0 13
20 49 0 80 2
49 0 80 67 76
0 80 67 28 55
80 67 28 46 20
67 28 46 19 49
28 46 19 45 0
46 19 45 24 80
19 45 24 42 67
45 24 42 70 28
24 42 70 36 46

46 46 46 46 46
73 20 76 1 32
20 76 1 18 58
76 1 18 80 28
1 18 80 13 73
18 80 13 29 20
80 13 29 77 76
13 29 77 5 1
29 77 5 3 18
77 5 3 7 80
5 3 7 10 13
3 7 10 45 29
7 10 45 51 77
10 45 51 43 5
45 51 43 11 3
51 43 11 49 7
43 11 49 27 10
11 49 27 78 45
49 27 78 17 51
27 78 17 41 43
78 17 41 4 11
17 41 4 2 49
41 4 2 22 27
4 2 22 56 78
2 22 56 48 17
22 56 48 35 41
56 48 35 66 4
48 35 66 60 2
35 66 60 44 22
66 60 44 12 56
60 44 12 34 48
44 12 34 65 35
12 34 65 75 66
34 65 75 6 60
65 75 6 15 44
75 6 15 42 12
6 15 42 16 34
15 42 16 37 65
42 16 37 19 75
16 37 19 72 6
37 19 72 25 15
19 72 25 64 42
72 25 64 74 16
25 64 74 21 37
64 74 21 61 19
74 21 61 36 72
21 61 36 24 25
61 36 24 69 64
36 24 69 71 74
24 69 71 67 21
69 71 67 55 61
71 67 55 47 36
67 55 47 50 24
55 47 50 31 69
47 50 31 54 71
50 31 54 52 67
31 54 52 38 55
54 52 38 23 47
52 38 23 57 50
38 23 57 33 31
23 57 33 70 54
57 33 70 63 52
33 70 63 79 38
70 63 79 9 23
63 79 9 53 57
79 9 53 39 33
9 53 39 8 70
53 39 8 14 63
39 8 14 30 79
8 14 30 62 9
14 30 62 40 53
30 62 40 0 39
62 40 0 26 8
40 0 26 68 14
0 26 68 59 30
26 68 59 32 62
68 59 32 58 40
59 32 58 28 0
32 58 28 73 26
58 28 73 20 68
28 73 20 76 59

32 32 32 32 32
59 3 62 14 42
3 62 14 4 71
62 14 4 54 41
14 4 54 26 59
4 54 26 39 3
54 26 39 60 62
26 39 60 15 14
39 60 15 16 4
60 15 16 11 54
15 16 11 23 26
16 11 23 31 39
11 23 31 28 60
23 31 28 47 15
31 28 47 21 16
28 47 21 35 11
47 21 35 40 23
21 35 40 55 31
35 40 55 18 28
40 55 18 51 47
55 18 51 17 21
18 51 17 12 35
51 17 12 8 40
17 12 8 66 55
12 8 66 34 18
8 66 34 36 51
66 34 36 79 17
34 36 79 64 12
36 79 64 45 8
79 64 45 25 66
64 45 25 38 34
45 25 38 75 36
25 38 75 61 79
38 75 61 10 64
75 61 10 19 45
61 10 19 46 25
10 19 46 20 38
19 46 20 50 75
46 20 50 5 61
20 50 5 58 10
50 5 58 2 19
5 58 2 77 46
58 2 77 57 20
2 77 57 7 50
77 57 7 65 5
57 7 65 49 58
7 65 49 1 2
65 49 1 73 77
49 1 73 72 57
1 73 72 80 7
73 72 80 68 65
72 80 68 30 49
80 68 30 33 1
68 30 33 44 73
30 33 44 67 72
33 44 67 29 80
44 67 29 48 68
67 29 48 6 30
29 48 6 70 33
48 6 70 37 44
6 70 37 74 67
70 37 74 76 29
37 74 76 56 48
74 76 56 22 6
76 56 22 27 70
56 22 27 52 37
22 27 52 9 74
27 52 9 24 76
52 9 24 43 56
9 24 43 63 22
24 43 63 53 27
43 63 53 13 52
63 53 13 0 9
53 13 0 78 24
13 0 78 69 43
0 78 69 42 63
78 69 42 71 53
69 42 71 41 13
42 71 41 59 0
71 41 59 3 78
41 59 3 62 69

71 71 71 71 71
17 42 11 53 72
42 11 53 43 20
11 53 43 12 80
53 43 12 29 17
43 12 29 78 42
12 29 78 9 11
29 78 9 45 53
78 9 45 46 43
9 45 46 50 12
45 46 50 35 29
46 50 35 70 78
50 35 70 67 9
35 70 67 59 45
70 67 59 33 46
67 59 33 65 50
59 33 65 79 35
33 65 79 13 70
65 79 13 30 67
79 13 30 54 59
13 30 54 47 33
30 54 47 51 65
54 47 51 38 79
47 51 38 24 13
51 38 24 64 30
38 24 64 75 54
24 64 75 1 47
64 75 1 22 51
75 1 22 57 38
1 22 57 28 24
22 57 28 77 64
57 28 77 6 75
28 77 6 10 1
77 6 10 49 22
6 10 49 31 57
10 49 31 58 28
49 31 58 32 77
31 58 32 62 6
58 32 62 44 10
32 62 44 16 49
62 44 16 41 31
44 16 41 8 58
16 41 8 15 32
41 8 15 37 62
8 15 37 23 44
15 37 23 61 16
37 23 61 40 41
23 61 40 4 8
61 40 4 3 15
40 4 3 2 37
4 3 2 26 23
3 2 26 69 61
2 26 69 63 40
26 69 63 74 4
69 63 74 25 3
63 74 25 68 2
74 25 68 60 26
25 68 60 36 69
68 60 36 19 63
60 36 19 76 74
36 19 76 5 25
19 76 5 7 68
76 5 7 14 60
5 7 14 34 36
7 14 34 66 19
14 34 66 55 76
34 66 55 48 5
66 55 48 27 7
55 48 27 73 14
48 27 73 21 34
27 73 21 56 66
73 21 56 52 55
21 56 52 39 48
56 52 39 0 27
52 39 0 18 73
39 0 18 72 21
0 18 72 20 56
18 72 20 80 52
72 20 80 17 39
20 80 17 42 0
80 17 42 11 18

80 80 80 80 80
26 51 20 35 54
51 20 35 52 2
20 35 52 21 62
35 52 21 38 26
52 21 38 60 51
21 38 60 18 20
38 60 18 27 35
60 18 27 28 52
18 27 28 32 21
27 28 32 44 38
28 32 44 79 60
32 44 79 76 18
44 79 76 68 27
79 76 68 42 28
76 68 42 74 32
68 42 74 61 44
42 74 61 22 79
74 61 22 39 76
61 22 39 63 68
22 39 63 29 42
39 63 29 33 74
63 29 33 47 61
29 33 47 6 22
33 47 6 73 39
47 6 73 57 63
6 73 57 10 29
73 57 10 4 33
57 10 4 66 47
10 4 66 37 6
4 66 37 59 73
66 37 59 15 57
37 59 15 19 10
59 15 19 31 4
15 19 31 40 66
19 31 40 67 37
31 40 67 41 59
40 67 41 71 15
67 41 71 53 19
41 71 53 25 31
71 53 25 50 40
53 25 50 17 67
25 50 17 24 41
50 17 24 46 71
17 24 46 5 53
24 46 5 70 25
46 5 70 49 50
5 70 49 13 17
70 49 13 12 24
49 13 12 11 46
13 12 11 8 5
12 11 8 78 70
11 8 78 72 49
8 78 72 56 13
78 72 56 7 12
72 56 7 77 11
56 7 77 69 8
7 77 69 45 78
77 69 45 1 72
69 45 1 58 56
45 1 58 14 7
1 58 14 16 77
58 14 16 23 69
14 16 23 43 45
16 23 43 75 1
23 43 75 64 58
43 75 64 30 14
75 64 30 36 16
64 30 36 55 23
30 36 55 3 43
36 55 3 65 75
55 3 65 34 64
3 65 34 48 30
65 34 48 9 36
34 48 9 0 55
48 9 0 54 3
9 0 54 2 65
0 54 2 62 34
54 2 62 26 48
2 62 26 51 9
62 26 51 20 0

26 26 26 26 26
53 78 47 62 0
78 47 62 79 29
47 62 79 48 8
62 79 48 65 53
79 48 65 6 78
48 65 6 45 47
65 6 45 54 62
6 45 54 55 79
45 54 55 59 48
54 55 59 71 65
55 59 71 25 6
59 71 25 22 45
71 25 22 14 54
25 22 14 69 55
22 14 69 20 59
14 69 20 7 71
69 20 7 49 25
20 7 49 66 22
7 49 66 9 14
49 66 9 56 69
66 9 56 60 20
9 56 60 74 7
56 60 74 33 49
60 74 33 19 66
74 33 19 3 9
33 19 3 37 56
19 3 37 31 60
3 37 31 12 74
37 31 12 64 33
31 12 64 5 19
12 64 5 42 3
64 5 42 46 37
5 42 46 58 31
42 46 58 67 12
46 58 67 13 64
58 67 13 68 5
67 13 68 17 42
13 68 17 80 46
68 17 80 52 58
17 80 52 77 67
80 52 77 44 13
52 77 44 51 68
77 44 51 73 17
44 51 73 32 80
51 73 32 16 52
73 32 16 76 77
32 16 76 40 44
16 76 40 39 51
76 40 39 38 73
40 39 38 35 32
39 38 35 24 16
38 35 24 18 76
35 24 18 2 40
24 18 2 34 39
18 2 34 23 38
2 34 23 15 35
34 23 15 72 24
23 15 72 28 18
15 72 28 4 2
72 28 4 41 34
28 4 41 43 23
4 41 43 50 15
41 43 50 70 72
43 50 70 21 28
50 70 21 10 4
70 21 10 57 41
21 10 57 63 43
10 57 63 1 50
57 63 1 30 70
63 1 30 11 21
1 30 11 61 10
30 11 61 75 57
11 61 75 36 63
61 75 36 27 1
75 36 27 0 30
36 27 0 29 11
27 0 29 8 61
0 29 8 53 75
29 8 53 78 36
8 53 78 47 27

78 78 78 78 78
24 52 18 33 55
52 18 33 53 0
18 33 53 22 60
33 53 22 36 24
53 22 36 61 52
22 36 61 19 18
36 61 19 28 33
61 19 28 29 53
19 28 29 30 22
28 29 30 42 36
29 30 42 80 61
30 42 80 77 19
42 80 77 66 28
80 77 66 43 29
77 66 43 72 30
66 43 72 62 42
43 72 62 23 80
72 62 23 40 77
62 23 40 64 66
23 40 64 27 43
40 64 27 34 72
64 27 34 45 62
27 34 45 7 23
34 45 7 74 40
45 7 74 58 64
7 74 58 11 27
74 58 11 5 34
58 11 5 67 45
11 5 67 38 7
5 67 38 57 74
67 38 57 16 58
38 57 16 20 11
57 16 20 32 5
16 20 32 41 67
20 32 41 68 38
32 41 68 39 57
41 68 39 69 16
68 39 69 51 20
39 69 51 26 32
69 51 26 48 41
51 26 48 15 68
26 48 15 25 39
48 15 25 47 69
15 25 47 3 51
25 47 3 71 26
47 3 71 50 48
3 71 50 14 15
71 50 14 13 25
50 14 13 9 47
14 13 9 6 3
13 9 6 79 71
9 6 79 73 50
6 79 73 54 14
79 73 54 8 13
73 54 8 75 9
54 8 75 70 6
8 75 70 46 79
75 70 46 2 73
70 46 2 59 54
46 2 59 12 8
2 59 12 17 75
59 12 17 21 70
12 17 21 44 46
17 21 44 76 2
21 44 76 65 59
44 76 65 31 12
76 65 31 37 17
65 31 37 56 21
31 37 56 4 44
37 56 4 63 76
56 4 63 35 65
4 63 35 49 31
63 35 49 10 37
35 49 10 1 56
49 10 1 55 4
10 1 55 0 63
1 55 0 60 35
55 0 60 24 49
0 60 24 52 10
60 24 52 18 1

18 18 18 18 18
45 73 48 54 4
73 48 54 74 30
48 54 74 52 0
54 74 52 66 45
74 52 66 1 73
52 66 1 49 48
66 1 49 58 54
1 49 58 59 74
49 58 59 60 52
58 59 60 63 66
59 60 63 20 1
60 63 20 26 49
63 20 26 15 58
20 26 15 64 59
26 15 64 21 60
15 64 21 2 63
64 21 2 53 20
21 2 53 70 26
2 53 70 13 15
53 70 13 57 64
70 13 57 55 21
13 57 55 75 2
57 55 75 28 53
55 75 28 23 70
75 28 23 7 13
28 23 7 41 57
23 7 41 35 55
7 41 35 16 75
41 35 16 68 28
35 16 68 6 23
16 68 6 37 7
68 6 37 50 41
6 37 50 62 35
37 50 62 71 16
50 62 71 17 68
62 71 17 69 6
71 17 69 9 37
17 69 9 72 50
69 9 72 47 62
9 72 47 78 71
72 47 78 36 17
47 78 36 46 69
78 36 46 77 9
36 46 77 33 72
46 77 33 11 47
77 33 11 80 78
33 11 80 44 36
11 80 44 43 46
80 44 43 39 77
44 43 39 27 33
43 39 27 19 11
39 27 19 22 80
27 19 22 3 44
19 22 3 29 43
22 3 29 24 39
3 29 24 10 27
29 24 10 76 19
24 10 76 32 22
10 76 32 8 3
76 32 8 42 29
32 8 42 38 24
8 42 38 51 10
42 38 51 65 76
38 51 65 25 32
51 65 25 14 8
65 25 14 61 42
25 14 61 67 38
14 61 67 5 51
61 67 5 34 65
67 5 34 12 25
5 34 12 56 14
34 12 56 79 61
12 56 79 40 67
56 79 40 31 5
79 40 31 4 34
40 31 4 30 12
31 4 30 0 56
4 30 0 45 79
30 0 45 73 40
0 45 73 48 31

54 54 54 54 54
0 28 3 36 67
28 3 36 29 12
3 36 29 7 63
36 29 7 48 0
29 7 48 64 28
7 48 64 4 3
48 64 4 40 36
64 4 40 41 29
4 40 41 42 7
40 41 42 45 48
41 42 45 56 64
42 45 56 62 4
45 56 62 78 40
56 62 78 46 41
62 78 46 57 42
78 46 57 65 45
46 57 65 8 56
57 65 8 52 62
65 8 52 76 78
8 52 76 39 46
52 76 39 37 57
76 39 37 30 65
39 37 30 10 8
37 30 10 59 52
30 10 59 70 76
10 59 70 23 39
59 70 23 17 37
70 23 17 79 30
23 17 79 50 10
17 79 50 69 59
79 50 69 19 70
50 69 19 5 23
69 19 5 44 17
19 5 44 53 79
5 44 53 80 50
44 53 80 51 69
53 80 51 72 19
80 51 72 27 5
51 72 27 2 44
72 27 2 33 53
27 2 33 18 80
2 33 18 1 51
33 18 1 32 72
18 1 32 15 27
1 32 15 74 2
32 15 74 35 33
15 74 35 26 18
74 35 26 25 1
35 26 25 21 32
26 25 21 9 15
25 21 9 55 74
21 9 55 58 35
9 55 58 66 26
55 58 66 11 25
58 66 11 60 21
66 11 60 73 9
11 60 73 31 55
60 73 31 14 58
73 31 14 71 66
31 14 71 24 11
14 71 24 20 60
71 24 20 6 73
24 20 6 47 31
20 6 47 61 14
6 47 61 77 71
47 61 77 43 24
61 77 43 49 20
77 43 49 68 6
43 49 68 16 47
49 68 16 75 61
68 16 75 38 77
16 75 38 34 43
75 38 34 22 49
38 34 22 13 68
34 22 13 67 16
22 13 67 12 75
13 67 12 63 38
67 12 63 0 34
12 63 0 28 22
63 0 28 3 13

29 29 29 29 29
56 0 59 11 39
0 59 11 1 68
59 11 1 60 38
11 1 60 23 56
1 60 23 36 0
60 23 36 57 59
23 36 57 12 11
36 57 12 13 1
57 12 13 17 60
12 13 17 20 23
13 17 20 28 36
17 20 28 34 57
20 28 34 53 12
28 34 53 18 13
34 53 18 32 17
53 18 32 37 20
18 32 37 61 28
32 37 61 24 34
37 61 24 48 53
61 24 48 14 18
24 48 14 9 32
48 14 9 5 37
14 9 5 63 61
9 5 63 31 24
5 63 31 42 48
63 31 42 76 14
31 42 76 70 9
42 76 70 51 5
76 70 51 22 63
70 51 22 44 31
51 22 44 72 42
22 44 72 58 76
44 72 58 16 70
72 58 16 25 51
58 16 25 52 22
16 25 52 26 44
25 52 26 47 72
52 26 47 2 58
26 47 2 55 16
47 2 55 8 25
2 55 8 74 52
55 8 74 54 26
8 74 54 4 47
74 54 4 71 2
54 4 71 46 55
4 71 46 7 8
71 46 7 79 74
46 7 79 78 54
7 79 78 77 4
79 78 77 65 71
78 77 65 27 46
77 65 27 30 7
65 27 30 41 79
27 30 41 64 78
30 41 64 35 77
41 64 35 45 65
64 35 45 3 27
35 45 3 67 30
45 3 67 43 41
3 67 43 80 64
67 43 80 73 35
43 80 73 62 45
80 73 62 19 3
73 62 19 33 67
62 19 33 49 43
19 33 49 15 80
33 49 15 21 73
49 15 21 40 62
15 21 40 69 19
21 40 69 50 33
40 69 50 10 49
69 50 10 6 15
50 10 6 75 21
10 6 75 66 40
6 75 66 39 69
75 66 39 68 50
66 39 68 38 10
39 68 38 56 6
68 38 56 0 75
38 56 0 59 66

60 60 60 60 60
6 34 0 42 64
34 0 42 35 9
0 42 35 4 69
42 35 4 45 6
35 4 45 70 34
4 45 70 1 0
45 70 1 37 42
70 1 37 38 35
1 37 38 39 4
37 38 39 51 45
38 39 51 62 70
39 51 62 59 1
51 62 59 75 37
62 59 75 52 38
59 75 52 54 39
75 52 54 71 51
52 54 71 5 62
54 71 5 49 59
71 5 49 73 75
5 49 73 36 52
49 73 36 43 54
73 36 43 27 71
36 43 27 16 5
43 27 16 56 49
27 16 56 67 73
16 56 67 20 36
56 67 20 14 43
67 20 14 76 27
20 14 76 47 16
14 76 47 66 56
76 47 66 25 67
47 66 25 2 20
66 25 2 41 14
25 2 41 50 76
2 41 50 77 47
41 50 77 48 66
50 77 48 78 25
77 48 78 33 2
48 78 33 8 41
78 33 8 30 50
33 8 30 24 77
8 30 24 7 48
30 24 7 29 78
24 7 29 12 33
7 29 12 80 8
29 12 80 32 30
12 80 32 23 24
80 32 23 22 7
32 23 22 18 29
23 22 18 15 12
22 18 15 61 80
18 15 61 55 32
15 61 55 63 23
61 55 63 17 22
55 63 17 57 18
63 17 57 79 15
17 57 79 28 61
57 79 28 11 55
79 28 11 68 63
28 11 68 21 17
11 68 21 26 57
68 21 26 3 79
21 26 3 53 28
26 3 53 58 11
3 53 58 74 68
53 58 74 40 21
58 74 40 46 26
74 40 46 65 3
40 46 65 13 53
46 65 13 72 58
65 13 72 44 74
13 72 44 31 40
72 44 31 19 46
44 31 19 10 65
31 19 10 64 13
19 10 64 9 72
10 64 9 69 44
64 9 69 6 31
9 69 6 34 19
69 6 34 0 10

45 45 45 45 45
72 19 75 0 31
19 75 0 20 57
75 0 20 79 27
0 20 79 12 72
20 79 12 28 19
79 12 28 76 75
12 28 76 4 0
28 76 4 5 20
76 4 5 6 79
4 5 6 9 12
5 6 9 47 28
6 9 47 53 76
9 47 53 42 4
47 53 42 10 5
53 42 10 48 6
42 10 48 29 9
10 48 29 80 47
48 29 80 16 53
29 80 16 40 42
80 16 40 3 10
16 40 3 1 48
40 3 1 21 29
3 1 21 55 80
1 21 55 50 16
21 55 50 34 40
55 50 34 68 3
50 34 68 62 1
34 68 62 43 21
68 62 43 14 55
62 43 14 33 50
43 14 33 64 34
14 33 64 77 68
33 64 77 8 62
64 77 8 17 43
77 8 17 44 14
8 17 44 15 33
17 44 15 36 64
44 15 36 18 77
15 36 18 74 8
36 18 74 24 17
18 74 24 63 44
74 24 63 73 15
24 63 73 23 36
63 73 23 60 18
73 23 60 38 74
23 60 38 26 24
60 38 26 71 63
38 26 71 70 73
26 71 70 66 23
71 70 66 54 60
70 66 54 46 38
66 54 46 49 26
54 46 49 30 71
46 49 30 56 70
49 30 56 51 66
30 56 51 37 54
56 51 37 22 46
51 37 22 59 49
37 22 59 35 30
22 59 35 69 56
59 35 69 65 51
35 69 65 78 37
69 65 78 11 22
65 78 11 52 59
78 11 52 41 35
11 52 41 7 69
52 41 7 13 65
41 7 13 32 78
7 13 32 61 11
13 32 61 39 52
32 61 39 2 41
61 39 2 25 7
39 2 25 67 13
2 25 67 58 32
25 67 58 31 61
67 58 31 57 39
58 31 57 27 2
31 57 27 72 25
57 27 72 19 67
27 72 19 75 58

28 28 28 28 28
55 2 58 10 41
2 58 10 0 67
58 10 0 62 37
10 0 62 22 55
0 62 22 38 2
62 22 38 59 58
22 38 59 14 10
38 59 14 12 0
59 14 12 16 62
14 12 16 19 22
12 16 19 27 38
16 19 27 33 59
19 27 33 52 14
27 33 52 20 12
33 52 20 31 16
52 20 31 36 19
20 31 36 60 27
31 36 60 26 33
36 60 26 50 52
60 26 50 13 20
26 50 13 11 31
50 13 11 4 36
13 11 4 65 60
11 4 65 30 26
4 65 30 44 50
65 30 44 75 13
30 44 75 69 11
44 75 69 53 4
75 69 53 21 65
69 53 21 43 30
53 21 43 74 44
21 43 74 57 75
43 74 57 15 69
74 57 15 24 53
57 15 24 51 21
15 24 51 25 43
24 51 25 46 74
51 25 46 1 57
25 46 1 54 15
46 1 54 7 24
1 54 7 73 51
54 7 73 56 25
7 73 56 3 46
73 56 3 70 1
56 3 70 45 54
3 70 45 6 7
70 45 6 78 73
45 6 78 80 56
6 78 80 76 3
78 80 76 64 70
80 76 64 29 45
76 64 29 32 6
64 29 32 40 78
29 32 40 63 80
32 40 63 34 76
40 63 34 47 64
63 34 47 5 29
34 47 5 66 32
47 5 66 42 40
5 66 42 79 63
66 42 79 72 34
42 79 72 61 47
79 72 61 18 5
72 61 18 35 66
61 18 35 48 42
18 35 48 17 79
35 48 17 23 72
48 17 23 39 61
17 23 39 71 18
23 39 71 49 35
39 71 49 9 48
71 49 9 8 17
49 9 8 77 23
9 8 77 68 39
8 77 68 41 71
77 68 41 67 49
68 41 67 37 9
41 67 37 55 8
67 37 55 2 77
37 55 2 58 68

59 59 59 59 59
5 30 8 41 69
30 8 41 31 17
8 41 31 0 68
41 31 0 53 5
31 0 53 66 30
0 53 66 6 8
53 66 6 42 41
66 6 42 43 31
6 42 43 38 0
42 43 38 50 53
43 38 50 58 66
38 50 58 55 6
50 58 55 74 42
58 55 74 48 43
55 74 48 62 38
74 48 62 67 50
48 62 67 1 58
62 67 1 45 55
67 1 45 78 74
1 45 78 44 48
45 78 44 39 62
78 44 39 35 67
44 39 35 12 1
39 35 12 61 45
35 12 61 63 78
12 61 63 25 44
61 63 25 10 39
63 25 10 72 35
25 10 72 52 12
10 72 52 65 61
72 52 65 21 63
52 65 21 7 25
65 21 7 37 10
21 7 37 46 72
7 37 46 73 52
37 46 73 47 65
46 73 47 77 21
73 47 77 32 7
47 77 32 4 37
77 32 4 29 46
32 4 29 23 73
4 29 23 3 47
29 23 3 34 77
23 3 34 11 32
3 34 11 76 4
34 11 76 28 29
11 76 28 19 23
76 28 19 18 3
28 19 18 26 34
19 18 26 14 11
18 26 14 57 76
26 14 57 60 28
14 57 60 71 19
57 60 71 13 18
60 71 13 56 26
71 13 56 75 14
13 56 75 33 57
56 75 33 16 60
75 33 16 64 71
33 16 64 20 13
16 64 20 22 56
64 20 22 2 75
20 22 2 49 33
22 2 49 54 16
2 49 54 79 64
49 54 79 36 20
54 79 36 51 22
79 36 51 70 2
36 51 70 9 49
51 70 9 80 54
70 9 80 40 79
9 80 40 27 36
80 40 27 24 51
40 27 24 15 70
27 24 15 69 9
24 15 69 17 80
15 69 17 68 40
69 17 68 5 27
17 68 5 30 24
68 5 30 8 15

42 42 42 42 42
69 16 63 24 46
16 63 24 17 72
63 24 17 67 51
24 17 67 0 69
17 67 0 52 16
67 0 52 64 63
0 52 64 19 24
52 64 19 20 17
64 19 20 21 67
19 20 21 6 0
20 21 6 44 52
21 6 44 41 64
6 44 41 30 19
44 41 30 7 20
41 30 7 36 21
30 7 36 53 6
7 36 53 68 44
36 53 68 4 41
53 68 4 28 30
68 4 28 18 7
4 28 18 25 36
28 18 25 9 53
18 25 9 79 68
25 9 79 38 4
9 79 38 49 28
79 38 49 56 18
38 49 56 77 25
49 56 77 31 9
56 77 31 2 79
77 31 2 48 38
31 2 48 61 49
2 48 61 65 56
48 61 65 23 77
61 65 23 5 31
65 23 5 32 2
23 5 32 3 48
5 32 3 33 61
32 3 33 15 65
3 33 15 71 23
33 15 71 12 5
15 71 12 60 32
71 12 60 70 3
12 60 70 11 33
60 70 11 75 15
70 11 75 35 71
11 75 35 14 12
75 35 14 59 60
35 14 59 58 70
14 59 58 54 11
59 58 54 78 75
58 54 78 43 35
54 78 43 37 14
78 43 37 45 59
43 37 45 80 58
37 45 80 39 54
45 80 39 34 78
80 39 34 10 43
39 34 10 74 37
34 10 74 50 45
10 74 50 57 80
74 50 57 62 39
50 57 62 66 34
57 62 66 8 10
62 66 8 40 74
66 8 40 29 50
8 40 29 22 57
40 29 22 1 62
29 22 1 47 66
22 1 47 76 8
1 47 76 27 40
47 76 27 26 29
76 27 26 13 22
27 26 13 55 1
26 13 55 73 47
13 55 73 46 76
55 73 46 72 27
73 46 72 51 26
46 72 51 69 13
72 51 69 16 55
51 69 16 63 73

20 20 20 20 20
47 72 50 56 3
72 50 56 73 32
50 56 73 51 2
56 73 51 68 47
73 51 68 0 72
51 68 0 48 50
68 0 48 57 56
0 48 57 58 73
48 57 58 62 51
57 58 62 65 68
58 62 65 19 0
62 65 19 25 48
65 19 25 17 57
19 25 17 63 58
25 17 63 23 62
17 63 23 1 65
63 23 1 52 19
23 1 52 69 25
1 52 69 12 17
52 69 12 59 63
69 12 59 54 23
12 59 54 77 1
59 54 77 27 52
54 77 27 22 69
77 27 22 6 12
27 22 6 40 59
22 6 40 34 54
6 40 34 15 77
40 34 15 67 27
34 15 67 8 22
15 67 8 36 6
67 8 36 49 40
8 36 49 61 34
36 49 61 70 15
49 61 70 16 67
61 70 16 71 8
70 16 71 11 36
16 71 11 74 49
71 11 74 46 61
11 74 46 80 70
74 46 80 38 16
46 80 38 45 71
80 38 45 76 11
38 45 76 35 74
45 76 35 10 46
76 35 10 79 80
35 10 79 43 38
10 79 43 42 45
79 43 42 41 76
43 42 41 29 35
42 41 29 18 10
41 29 18 21 79
29 18 21 5 43
18 21 5 28 42
21 5 28 26 41
5 28 26 9 29
28 26 9 75 18
26 9 75 31 21
9 75 31 7 5
75 31 7 44 28
31 7 44 37 26
7 44 37 53 9
44 37 53 64 75
37 53 64 24 31
53 64 24 13 7
64 24 13 60 44
24 13 60 66 37
13 60 66 4 53
60 66 4 33 64
66 4 33 14 24
4 33 14 55 13
33 14 55 78 60
14 55 78 39 66
55 78 39 30 4
78 39 30 3 33
39 30 3 32 14
30 3 32 2 55
3 32 2 47 78
32 2 47 72 39
2 47 72 50 30

62 62 62 62 62
8 33 2 44 63
33 2 44 34 11
2 44 34 3 71
44 34 3 47 8
34 3 47 69 33
3 47 69 0 2
47 69 0 36 44
69 0 36 37 34
0 36 37 41 3
36 37 41 53 47
37 41 53 61 69
41 53 61 58 0
53 61 58 77 36
61 58 77 51 37
58 77 51 56 41
77 51 56 70 53
51 56 70 4 61
56 70 4 48 58
70 4 48 72 77
4 48 72 38 51
48 72 38 42 56
72 38 42 29 70
38 42 29 15 4
42 29 15 55 48
29 15 55 66 72
15 55 66 19 38
55 66 19 13 42
66 19 13 75 29
19 13 75 46 15
13 75 46 68 55
75 46 68 24 66
46 68 24 1 19
68 24 1 40 13
24 1 40 49 75
1 40 49 76 46
40 49 76 50 68
49 76 50 80 24
76 50 80 35 1
50 80 35 7 40
80 35 7 32 49
35 7 32 26 76
7 32 26 6 50
32 26 6 28 80
26 6 28 14 35
6 28 14 79 7
28 14 79 31 32
14 79 31 22 26
79 31 22 21 6
31 22 21 20 28
22 21 20 17 14
21 20 17 60 79
20 17 60 54 31
17 60 54 65 22
60 54 65 16 21
54 65 16 59 20
65 16 59 78 17
16 59 78 27 60
59 78 27 10 54
78 27 10 67 65
27 10 67 23 16
10 67 23 25 59
67 23 25 5 78
23 25 5 52 27
25 5 52 57 10
5 52 57 73 67
52 57 73 39 23
57 73 39 45 25
73 39 45 64 5
39 45 64 12 52
45 64 12 74 57
64 12 74 43 73
12 74 43 30 39
74 43 30 18 45
43 30 18 9 64
30 18 9 63 12
18 9 63 11 74
9 63 11 71 43
63 11 71 8 30
11 71 8 33 18
71 8 33 2 9

53 53 53 53 53
80 24 74 8 27
24 74 8 25 56
74 8 25 75 35
8 25 75 11 80
25 75 11 33 24
75 11 33 72 74
11 33 72 0 8
33 72 0 1 25
72 0 1 5 75
0 1 5 17 11
1 5 17 52 33
5 17 52 49 72
17 52 49 41 0
52 49 41 15 1
49 41 15 47 5
41 15 47 34 17
15 47 34 76 52
47 34 76 12 49
34 76 12 36 41
76 12 36 2 15
12 36 2 6 47
36 2 6 20 34
2 6 20 60 76
6 20 60 46 12
20 60 46 30 36
60 46 30 64 2
46 30 64 58 6
30 64 58 39 20
64 58 39 10 60
58 39 10 32 46
39 10 32 69 30
10 32 69 73 64
32 69 73 4 58
69 73 4 13 39
73 4 13 40 10
4 13 40 14 32
13 40 14 44 69
40 14 44 26 73
14 44 26 79 4
44 26 79 23 13
26 79 23 71 40
79 23 71 78 14
23 71 78 19 44
71 78 19 59 26
78 19 59 43 79
19 59 43 22 23
59 43 22 67 71
43 22 67 66 78
22 67 66 65 19
67 66 65 62 59
66 65 62 51 43
65 62 51 45 22
62 51 45 29 67
51 45 29 61 66
45 29 61 50 65
29 61 50 42 62
61 50 42 18 51
50 42 18 55 45
42 18 55 31 29
18 55 31 68 61
55 31 68 70 50
31 68 70 77 42
68 70 77 16 18
70 77 16 48 55
77 16 48 37 31
16 48 37 3 68
48 37 3 9 70
37 3 9 28 77
3 9 28 57 16
9 28 57 38 48
28 57 38 7 37
57 38 7 21 3
38 7 21 63 9
7 21 63 54 28
21 63 54 27 57
63 54 27 56 38
54 27 56 35 7
27 56 35 80 21
56 35 80 24 63
35 80 24 74 54

52 52 52 52 52
79 26 73 7 29
26 73 7 24 55
73 7 24 77 34
7 24 77 10 79
24 77 10 35 26
77 10 35 74 73
10 35 74 2 7
35 74 2 0 24
74 2 0 4 77
2 0 4 16 10
0 4 16 51 35
4 16 51 48 74
16 51 48 40 2
51 48 40 17 0
48 40 17 46 4
40 17 46 33 16
17 46 33 75 51
46 33 75 14 48
33 75 14 38 40
75 14 38 1 17
14 38 1 8 46
38 1 8 19 33
1 8 19 62 75
8 19 62 45 14
19 62 45 32 38
62 45 32 63 1
45 32 63 57 8
32 63 57 41 19
63 57 41 9 62
57 41 9 31 45
41 9 31 71 32
9 31 71 72 63
31 71 72 3 57
71 72 3 12 41
72 3 12 39 9
3 12 39 13 31
12 39 13 43 71
39 13 43 25 72
13 43 25 78 3
43 25 78 22 12
25 78 22 70 39
78 22 70 80 13
22 70 80 18 43
70 80 18 58 25
80 18 58 42 78
18 58 42 21 22
58 42 21 66 70
42 21 66 68 80
21 66 68 64 18
66 68 64 61 58
68 64 61 53 42
64 61 53 47 21
61 53 47 28 66
53 47 28 60 68
47 28 60 49 64
28 60 49 44 61
60 49 44 20 53
49 44 20 54 47
44 20 54 30 28
20 54 30 67 60
54 30 67 69 49
30 67 69 76 44
67 69 76 15 20
69 76 15 50 54
76 15 50 36 30
15 50 36 5 67
50 36 5 11 69
36 5 11 27 76
5 11 27 59 15
11 27 59 37 50
27 59 37 6 36
59 37 6 23 5
37 6 23 65 11
6 23 65 56 27
23 65 56 29 59
65 56 29 55 37
56 29 55 34 6
29 55 34 79 23
55 34 79 26 65
34 79 26 73 56

48 48 48 48 48
75 22 78 3 34
22 78 3 23 60
78 3 23 73 30
3 23 73 15 75
23 73 15 31 22
73 15 31 79 78
15 31 79 7 3
31 79 7 8 23
79 7 8 0 73
7 8 0 12 15
8 0 12 50 31
0 12 50 47 79
12 50 47 36 7
50 47 36 13 8
47 36 13 51 0
36 13 51 32 12
13 51 32 74 50
51 32 74 10 47
32 74 10 43 36
74 10 43 6 13
10 43 6 4 51
43 6 4 24 32
6 4 24 58 74
4 24 58 53 10
24 58 53 28 43
58 53 28 71 6
53 28 71 56 4
28 71 56 37 24
71 56 37 17 58
56 37 17 27 53
37 17 27 67 28
17 27 67 80 71
27 67 80 2 56
67 80 2 11 37
80 2 11 38 17
2 11 38 9 27
11 38 9 39 67
38 9 39 21 80
9 39 21 77 2
39 21 77 18 11
21 77 18 66 38
77 18 66 76 9
18 66 76 26 39
66 76 26 54 21
76 26 54 41 77
26 54 41 20 18
54 41 20 65 66
41 20 65 64 76
20 65 64 69 26
65 64 69 57 54
64 69 57 49 41
69 57 49 52 20
57 49 52 33 65
49 52 33 59 64
52 33 59 45 69
33 59 45 40 57
59 45 40 25 49
45 40 25 62 52
40 25 62 29 33
25 62 29 63 59
62 29 63 68 45
29 63 68 72 40
63 68 72 14 25
68 72 14 46 62
72 14 46 44 29
14 46 44 1 63
46 44 1 16 68
44 1 16 35 72
1 16 35 55 14
16 35 55 42 46
35 55 42 5 44
55 42 5 19 1
42 5 19 70 16
5 19 70 61 35
19 70 61 34 55
70 61 34 60 42
61 34 60 30 5
34 60 30 75 19
60 30 75 22 70
30 75 22 78 61

36 36 36 36 36
63 10 66 18 49
10 66 18 11 75
66 18 11 70 45
18 11 70 3 63
11 70 3 46 10
70 3 46 67 66
3 46 67 22 18
46 67 22 23 11
67 22 23 24 70
22 23 24 0 3
23 24 0 38 46
24 0 38 44 67
0 38 44 33 22
38 44 33 1 23
44 33 1 39 24
33 1 39 47 0
1 39 47 71 38
39 47 71 7 44
47 71 7 31 33
71 7 31 21 1
7 31 21 19 39
31 21 19 12 47
21 19 12 73 71
19 12 73 41 7
12 73 41 52 31
73 41 52 59 21
41 52 59 80 19
52 59 80 34 12
59 80 34 5 73
80 34 5 51 41
34 5 51 55 52
5 51 55 68 59
51 55 68 26 80
55 68 26 8 34
68 26 8 35 5
26 8 35 6 51
8 35 6 27 55
35 6 27 9 68
6 27 9 65 26
27 9 65 15 8
9 65 15 54 35
65 15 54 64 6
15 54 64 14 27
54 64 14 78 9
64 14 78 29 65
14 78 29 17 15
78 29 17 62 54
29 17 62 61 64
17 62 61 57 14
62 61 57 72 78
61 57 72 37 29
57 72 37 40 17
72 37 40 48 62
37 40 48 74 61
40 48 74 42 57
48 74 42 28 72
74 42 28 13 37
42 28 13 77 40
28 13 77 53 48
13 77 53 60 74
77 53 60 56 42
53 60 56 69 28
60 56 69 2 13
56 69 2 43 77
69 2 43 32 53
2 43 32 25 60
43 32 25 4 56
32 25 4 50 69
25 4 50 79 2
4 50 79 30 43
50 79 30 20 32
79 30 20 16 25
30 20 16 58 4
20 16 58 76 50
16 58 76 49 79
58 76 49 75 30
76 49 75 45 20
49 75 45 63 16
75 45 63 10 58
45 63 10 66 76

1 1 1 1 1
28 56 31 64 14
56 31 64 54 40
31 64 54 35 10
64 54 35 76 28
54 35 76 11 56
35 76 11 32 31
76 11 32 68 64
11 32 68 66 54
32 68 66 70 35
68 66 70 73 76
66 70 73 0 11
70 73 0 6 32
73 0 6 25 68
0 6 25 74 66
6 25 74 4 70
25 74 4 9 73
74 4 9 33 0
4 9 33 80 6
9 33 80 23 25
33 80 23 67 74
80 23 67 65 4
23 67 65 58 9
67 65 58 38 33
65 58 38 3 80
58 38 3 17 23
38 3 17 48 67
3 17 48 42 65
17 48 42 26 58
48 42 26 75 38
42 26 75 16 3
26 75 16 47 17
75 16 47 30 48
16 47 30 69 42
47 30 69 78 26
30 69 78 24 75
69 78 24 79 16
78 24 79 19 47
24 79 19 55 30
79 19 55 27 69
19 55 27 61 78
55 27 61 46 24
27 61 46 29 79
61 46 29 57 19
46 29 57 43 55
29 57 43 18 27
57 43 18 60 61
43 18 60 51 46
18 60 51 53 29
60 51 53 49 57
51 53 49 37 43
53 49 37 2 18
49 37 2 5 60
37 2 5 13 51
2 5 13 36 53
5 13 36 7 49
13 36 7 20 37
36 7 20 59 2
7 20 59 39 5
20 59 39 15 13
59 39 15 52 36
39 15 52 45 7
15 52 45 34 20
52 45 34 72 59
45 34 72 8 39
34 72 8 21 15
72 8 21 71 52
8 21 71 77 45
21 71 77 12 34
71 77 12 44 72
77 12 44 22 8
12 44 22 63 21
44 22 63 62 71
22 63 62 50 77
63 62 50 41 12
62 50 41 14 44
50 41 14 40 22
41 14 40 10 63
14 40 10 28 62
40 10 28 56 50
10 28 56 31 41

4 4 4 4 4
31 59 34 67 17
59 34 67 57 43
34 67 57 29 13
67 57 29 79 31
57 29 79 14 59
29 79 14 35 34
79 14 35 71 67
14 35 71 69 57
35 71 69 64 29
71 69 64 76 79
69 64 76 3 14
64 76 3 0 35
76 3 0 19 71
3 0 19 77 69
0 19 77 7 64
19 77 7 12 76
77 7 12 27 3
7 12 27 74 0
12 27 74 26 19
27 74 26 70 77
74 26 70 68 7
26 70 68 61 12
70 68 61 41 27
68 61 41 6 74
61 41 6 11 26
41 6 11 51 70
6 11 51 36 68
11 51 36 20 61
51 36 20 78 41
36 20 78 10 6
20 78 10 50 11
78 10 50 33 51
10 50 33 63 36
50 33 63 72 20
33 63 72 18 78
63 72 18 73 10
72 18 73 22 50
18 73 22 58 33
73 22 58 30 63
22 58 30 55 72
58 30 55 49 18
30 55 49 32 73
55 49 32 60 22
49 32 60 37 58
32 60 37 21 30
60 37 21 54 55
37 21 54 45 49
21 54 45 47 32
54 45 47 52 60
45 47 52 40 37
47 52 40 5 21
52 40 5 8 54
40 5 8 16 45
5 8 16 39 47
8 16 39 1 52
16 39 1 23 40
39 1 23 62 5
1 23 62 42 8
23 62 42 9 16
62 42 9 46 39
42 9 46 48 1
9 46 48 28 23
46 48 28 75 62
48 28 75 2 42
28 75 2 24 9
75 2 24 65 46
2 24 65 80 48
24 65 80 15 28
65 80 15 38 75
80 15 38 25 2
15 38 25 66 24
38 25 66 56 65
25 66 56 53 80
66 56 53 44 15
56 53 44 17 38
53 44 17 43 25
44 17 43 13 66
17 43 13 31 56
43 13 31 59 53
13 31 59 34 44

12 12 12 12 12
39 67 42 75 25
67 42 75 68 51
42 75 68 37 21
75 68 37 60 39
68 37 60 22 67
37 60 22 43 42
60 22 43 79 75
22 43 79 80 68
43 79 80 72 37
79 80 72 57 60
80 72 57 14 22
72 57 14 11 43
57 14 11 0 79
14 11 0 58 80
11 0 58 15 72
0 58 15 23 57
58 15 23 38 14
15 23 38 55 11
23 38 55 7 0
38 55 7 78 58
55 7 78 76 15
7 78 76 69 23
78 76 69 49 38
76 69 49 17 55
69 49 17 19 7
49 17 19 35 78
17 19 35 47 76
19 35 47 1 69
35 47 1 62 49
47 1 62 18 17
1 62 18 31 19
62 18 31 44 35
18 31 44 74 47
31 44 74 56 1
44 74 56 2 62
74 56 2 54 18
56 2 54 3 31
2 54 3 66 44
54 3 66 41 74
3 66 41 63 56
66 41 63 30 2
41 63 30 40 54
63 30 40 71 3
30 40 71 45 66
40 71 45 5 41
71 45 5 65 63
45 5 65 29 30
5 65 29 28 40
65 29 28 33 71
29 28 33 48 45
28 33 48 13 5
33 48 13 16 65
48 13 16 24 29
13 16 24 50 28
16 24 50 9 33
24 50 9 4 48
50 9 4 70 13
9 4 70 53 16
4 70 53 20 24
70 53 20 27 50
53 20 27 32 9
20 27 32 36 4
27 32 36 59 70
32 36 59 10 53
36 59 10 8 20
59 10 8 73 27
10 8 73 61 32
8 73 61 26 36
73 61 26 46 59
61 26 46 6 10
26 46 6 77 8
46 6 77 64 73
6 77 64 34 61
77 64 34 52 26
64 34 52 25 46
34 52 25 51 6
52 25 51 21 77
25 51 21 39 64
51 21 39 67 34
21 39 67 42 52

38 38 38 38 38
65 9 68 20 48
9 68 20 10 77
68 20 10 69 47
20 10 69 5 65
10 69 5 45 9
69 5 45 66 68
5 45 66 21 20
45 66 21 22 10
66 21 22 26 69
21 22 26 2 5
22 26 2 37 45
26 2 37 43 66
2 37 43 35 21
37 43 35 0 22
43 35 0 41 26
35 0 41 46 2
0 41 46 70 37
41 46 70 6 43
46 70 6 30 35
70 6 30 23 0
6 30 23 18 41
30 23 18 14 46
23 18 14 72 70
18 14 72 40 6
14 72 40 51 30
72 40 51 58 23
40 51 58 79 18
51 58 79 33 14
58 79 33 4 72
79 33 4 53 40
33 4 53 54 51
4 53 54 67 58
53 54 67 25 79
54 67 25 7 33
67 25 7 34 4
25 7 34 8 53
7 34 8 29 54
34 8 29 11 67
8 29 11 64 25
29 11 64 17 7
11 64 17 56 34
64 17 56 63 8
17 56 63 13 29
56 63 13 80 11
63 13 80 28 64
13 80 28 16 17
80 28 16 61 56
28 16 61 60 63
16 61 60 59 13
61 60 59 74 80
60 59 74 36 28
59 74 36 39 16
74 36 39 50 61
36 39 50 73 60
39 50 73 44 59
50 73 44 27 74
73 44 27 12 36
44 27 12 76 39
27 12 76 52 50
12 76 52 62 73
76 52 62 55 44
52 62 55 71 27
62 55 71 1 12
55 71 1 42 76
71 1 42 31 52
1 42 31 24 62
42 31 24 3 55
31 24 3 49 71
24 3 49 78 1
3 49 78 32 42
49 78 32 19 31
78 32 19 15 24
32 19 15 57 3
19 15 57 75 49
15 57 75 48 78
57 75 48 77 32
75 48 77 47 19
48 77 47 65 15
77 47 65 9 57
47 65 9 68 75

6 6 6 6 6
33 61 27 69 10
61 27 69 62 36
27 69 62 31 15
69 62 31 72 33
62 31 72 16 61
31 72 16 28 27
72 16 28 64 69
16 28 64 65 62
28 64 65 66 31
64 65 66 78 72
65 66 78 8 16
66 78 8 5 28
78 8 5 21 64
8 5 21 79 65
5 21 79 0 66
21 79 0 17 78
79 0 17 32 8
0 17 32 76 5
17 32 76 19 21
32 76 19 63 79
76 19 63 70 0
19 63 70 54 17
63 70 54 43 32
70 54 43 2 76
54 43 2 13 19
43 2 13 47 63
2 13 47 41 70
13 47 41 22 54
47 41 22 74 43
41 22 74 12 2
22 74 12 52 13
74 12 52 29 47
12 52 29 68 41
52 29 68 77 22
29 68 77 23 74
68 77 23 75 12
77 23 75 24 52
23 75 24 60 29
75 24 60 35 68
24 60 35 57 77
60 35 57 51 23
35 57 51 34 75
57 51 34 56 24
51 34 56 39 60
34 56 39 26 35
56 39 26 59 57
39 26 59 50 51
26 59 50 49 34
59 50 49 45 56
50 49 45 42 39
49 45 42 7 26
45 42 7 1 59
42 7 1 9 50
7 1 9 44 49
1 9 44 3 45
9 44 3 25 42
44 3 25 55 7
3 25 55 38 1
25 55 38 14 9
55 38 14 48 44
38 14 48 53 3
14 48 53 30 25
48 53 30 80 55
53 30 80 4 38
30 80 4 20 14
80 4 20 67 48
4 20 67 73 53
20 67 73 11 30
67 73 11 40 80
73 11 40 18 4
11 40 18 71 20
40 18 71 58 67
18 71 58 46 73
71 58 46 37 11
58 46 37 10 40
46 37 10 36 18
37 10 36 15 71
10 36 15 33 58
36 15 33 61 46
15 33 61 27 37

19 19 19 19 19
46 74 49 55 5
74 49 55 72 31
49 55 72 53 1
55 72 53 67 46
72 53 67 2 74
53 67 2 50 49
67 2 50 59 55
2 50 59 57 72
50 59 57 61 53
59 57 61 64 67
57 61 64 18 2
61 64 18 24 50
64 18 24 16 59
18 24 16 65 57
24 16 65 22 61
16 65 22 0 64
65 22 0 51 18
22 0 51 71 24
0 51 71 14 16
51 71 14 58 65
71 14 58 56 22
14 58 56 76 0
58 56 76 29 51
56 76 29 21 71
76 29 21 8 14
29 21 8 39 58
21 8 39 33 56
8 39 33 17 76
39 33 17 66 29
33 17 66 7 21
17 66 7 38 8
66 7 38 48 39
7 38 48 60 33
38 48 60 69 17
48 60 69 15 66
60 69 15 70 7
69 15 70 10 38
15 70 10 73 48
70 10 73 45 60
10 73 45 79 69
73 45 79 37 15
45 79 37 47 70
79 37 47 75 10
37 47 75 34 73
47 75 34 9 45
75 34 9 78 79
34 9 78 42 37
9 78 42 44 47
78 42 44 40 75
42 44 40 28 34
44 40 28 20 9
40 28 20 23 78
28 20 23 4 42
20 23 4 27 44
23 4 27 25 40
4 27 25 11 28
27 25 11 77 20
25 11 77 30 23
11 77 30 6 4
77 30 6 43 27
30 6 43 36 25
6 43 36 52 11
43 36 52 63 77
36 52 63 26 30
52 63 26 12 6
63 26 12 62 43
26 12 62 68 36
12 62 68 3 52
62 68 3 35 63
68 3 35 13 26
3 35 13 54 12
35 13 54 80 62
13 54 80 41 68
54 80 41 32 3
80 41 32 5 35
41 32 5 31 13
32 5 31 1 54
5 31 1 46 80
31 1 46 74 41
1 46 74 49 32

58 58 58 58 58
4 32 7 40 71
32 7 40 30 16
7 40 30 2 67
40 30 2 52 4
30 2 52 68 32
2 52 68 8 7
52 68 8 44 40
68 8 44 42 30
8 44 42 37 2
44 42 37 49 52
42 37 49 57 68
37 49 57 54 8
49 57 54 73 44
57 54 73 50 42
54 73 50 61 37
73 50 61 66 49
50 61 66 0 57
61 66 0 47 54
66 0 47 80 73
0 47 80 43 50
47 80 43 41 61
80 43 41 34 66
43 41 34 14 0
41 34 14 60 47
34 14 60 65 80
14 60 65 24 43
60 65 24 9 41
65 24 9 74 34
24 9 74 51 14
9 74 51 64 60
74 51 64 23 65
51 64 23 6 24
64 23 6 36 9
23 6 36 45 74
6 36 45 72 51
36 45 72 46 64
45 72 46 76 23
72 46 76 31 6
46 76 31 3 36
76 31 3 28 45
31 3 28 22 72
3 28 22 5 46
28 22 5 33 76
22 5 33 10 31
5 33 10 75 3
33 10 75 27 28
10 75 27 18 22
75 27 18 20 5
27 18 20 25 33
18 20 25 13 10
20 25 13 59 75
25 13 59 62 27
13 59 62 70 18
59 62 70 12 20
62 70 12 55 25
70 12 55 77 13
12 55 77 35 59
55 77 35 15 62
77 35 15 63 70
35 15 63 19 12
15 63 19 21 55
63 19 21 1 77
19 21 1 48 35
21 1 48 56 15
1 48 56 78 63
48 56 78 38 19
56 78 38 53 21
78 38 53 69 1
38 53 69 11 48
53 69 11 79 56
69 11 79 39 78
11 79 39 29 38
79 39 29 26 53
39 29 26 17 69
29 26 17 71 11
26 17 71 16 79
17 71 16 67 39
71 16 67 4 29
16 67 4 32 26
67 4 32 7 17

41 41 41 41 41
68 12 71 23 51
12 71 23 13 80
71 23 13 63 50
23 13 63 8 68
13 63 8 48 12
63 8 48 69 71
8 48 69 24 23
48 69 24 25 13
69 24 25 20 63
24 25 20 5 8
25 20 5 40 48
20 5 40 37 69
5 40 37 29 24
40 37 29 3 25
37 29 3 44 20
29 3 44 49 5
3 44 49 64 40
44 49 64 0 37
49 64 0 33 29
64 0 33 26 3
0 33 26 21 44
33 26 21 17 49
26 21 17 75 64
21 17 75 43 0
17 75 43 45 33
75 43 45 61 26
43 45 61 73 21
45 61 73 27 17
61 73 27 7 75
73 27 7 47 43
27 7 47 57 45
7 47 57 70 61
47 57 70 19 73
57 70 19 1 27
70 19 1 28 7
19 1 28 2 47
1 28 2 32 57
28 2 32 14 70
2 32 14 67 19
32 14 67 11 1
14 67 11 59 28
67 11 59 66 2
11 59 66 16 32
59 66 16 74 14
66 16 74 31 67
16 74 31 10 11
74 31 10 55 59
31 10 55 54 66
10 55 54 62 16
55 54 62 77 74
54 62 77 39 31
62 77 39 42 10
77 39 42 53 55
39 42 53 76 54
42 53 76 38 62
53 76 38 30 77
76 38 30 15 39
38 30 15 79 42
30 15 79 46 53
15 79 46 56 76
79 46 56 58 38
46 56 58 65 30
56 58 65 4 15
58 65 4 36 79
65 4 36 34 46
4 36 34 18 56
36 34 18 6 58
34 18 6 52 65
18 6 52 72 4
6 52 72 35 36
52 72 35 22 34
72 35 22 9 18
35 22 9 60 6
22 9 60 78 52
9 60 78 51 72
60 78 51 80 35
78 51 80 50 22
51 80 50 68 9
80 50 68 12 60
50 68 12 71 78

17 17 17 17 17
44 69 38 80 18
69 38 80 70 47
38 80 70 39 26
80 70 39 56 44
70 39 56 24 69
39 56 24 36 38
56 24 36 72 80
24 36 72 73 70
36 72 73 77 39
72 73 77 62 56
73 77 62 16 24
77 62 16 13 36
62 16 13 5 72
16 13 5 60 73
13 5 60 11 77
5 60 11 25 62
60 11 25 40 16
11 25 40 57 13
25 40 57 0 5
40 57 0 74 60
57 0 74 78 11
0 74 78 65 25
74 78 65 51 40
78 65 51 10 57
65 51 10 21 0
51 10 21 28 74
10 21 28 49 78
21 28 49 3 65
28 49 3 55 51
49 3 55 23 10
3 55 23 33 21
55 23 33 37 28
23 33 37 76 49
33 37 76 58 3
37 76 58 4 55
76 58 4 59 23
58 4 59 8 33
4 59 8 71 37
59 8 71 43 76
8 71 43 68 58
71 43 68 35 4
43 68 35 42 59
68 35 42 64 8
35 42 64 50 71
42 64 50 7 43
64 50 7 67 68
50 7 67 31 35
7 67 31 30 42
67 31 30 29 64
31 30 29 53 50
30 29 53 15 7
29 53 15 9 67
53 15 9 20 31
15 9 20 52 30
9 20 52 14 29
20 52 14 6 53
52 14 6 63 15
14 6 63 46 9
6 63 46 22 20
63 46 22 32 52
46 22 32 34 14
22 32 34 41 6
32 34 41 61 63
34 41 61 12 46
41 61 12 1 22
61 12 1 75 32
12 1 75 54 34
1 75 54 19 41
75 54 19 48 61
54 19 48 2 12
19 48 2 79 1
48 2 79 66 75
2 79 66 27 54
79 66 27 45 19
66 27 45 18 48
27 45 18 47 2
45 18 47 26 79
18 47 26 44 66
47 26 44 69 27
26 44 69 38 45

51 51 51 51 51
78 25 72 6 28
25 72 6 26 54
72 6 26 76 33
6 26 76 9 78
26 76 9 34 25
76 9 34 73 72
9 34 73 1 6
34 73 1 2 26
73 1 2 3 76
1 2 3 15 9
2 3 15 53 34
3 15 53 50 73
15 53 50 39 1
53 50 39 16 2
50 39 16 45 3
39 16 45 35 15
16 45 35 77 53
45 35 77 13 50
35 77 13 37 39
77 13 37 0 16
13 37 0 7 45
37 0 7 18 35
0 7 18 61 77
7 18 61 47 13
18 61 47 31 37
61 47 31 65 0
47 31 65 59 7
31 65 59 40 18
65 59 40 11 61
59 40 11 30 47
40 11 30 70 31
11 30 70 74 65
30 70 74 5 59
70 74 5 14 40
74 5 14 41 11
5 14 41 12 30
14 41 12 42 70
41 12 42 24 74
12 42 24 80 5
42 24 80 21 14
24 80 21 69 41
80 21 69 79 12
21 69 79 20 42
69 79 20 57 24
79 20 57 44 80
20 57 44 23 21
57 44 23 68 69
44 23 68 67 79
23 68 67 63 20
68 67 63 60 57
67 63 60 52 44
63 60 52 46 23
60 52 46 27 68
52 46 27 62 67
46 27 62 48 63
27 62 48 43 60
62 48 43 19 52
48 43 19 56 46
43 19 56 32 27
19 56 32 66 62
56 32 66 71 48
32 66 71 75 43
66 71 75 17 19
71 75 17 49 56
75 17 49 38 32
17 49 38 4 66
49 38 4 10 71
38 4 10 29 75
4 10 29 58 17
10 29 58 36 49
29 58 36 8 38
58 36 8 22 4
36 8 22 64 10
8 22 64 55 29
22 64 55 28 58
64 55 28 54 36
55 28 54 33 8
28 54 33 78 22
54 33 78 25 64
33 78 25 72 55

47 47 47 47 47
74 18 77 2 30
18 77 2 19 59
77 2 19 78 29
2 19 78 14 74
19 78 14 27 18
78 14 27 75 77
14 27 75 3 2
27 75 3 4 19
75 3 4 8 78
3 4 8 11 14
4 8 11 46 27
8 11 46 52 75
11 46 52 44 3
46 52 44 9 4
52 44 9 50 8
44 9 50 28 11
9 50 28 79 46
50 28 79 15 52
28 79 15 39 44
79 15 39 5 9
15 39 5 0 50
39 5 0 23 28
5 0 23 54 79
0 23 54 49 15
23 54 49 33 39
54 49 33 67 5
49 33 67 61 0
33 67 61 42 23
67 61 42 13 54
61 42 13 35 49
42 13 35 63 33
13 35 63 76 67
35 63 76 7 61
63 76 7 16 42
76 7 16 43 13
7 16 43 17 35
16 43 17 38 63
43 17 38 20 76
17 38 20 73 7
38 20 73 26 16
20 73 26 65 43
73 26 65 72 17
26 65 72 22 38
65 72 22 62 20
72 22 62 37 73
22 62 37 25 26
62 37 25 70 65
37 25 70 69 72
25 70 69 68 22
70 69 68 56 62
69 68 56 45 37
68 56 45 48 25
56 45 48 32 70
45 48 32 55 69
48 32 55 53 68
32 55 53 36 56
55 53 36 21 45
53 36 21 58 48
36 21 58 34 32
21 58 34 71 55
58 34 71 64 53
34 71 64 80 36
71 64 80 10 21
64 80 10 51 58
80 10 51 40 34
10 51 40 6 71
51 40 6 12 64
40 6 12 31 80
6 12 31 60 10
12 31 60 41 51
31 60 41 1 40
60 41 1 24 6
41 1 24 66 12
1 24 66 57 31
24 66 57 30 60
66 57 30 59 41
57 30 59 29 1
30 59 29 74 24
59 29 74 18 66
29 74 18 77 57

33 33 33 33 33
60 7 54 15 37
7 54 15 8 63
54 15 8 58 42
15 8 58 18 60
8 58 18 43 7
58 18 43 55 54
18 43 55 10 15
43 55 10 11 8
55 10 11 12 58
10 11 12 24 18
11 12 24 35 43
12 24 35 32 55
24 35 32 48 10
35 32 48 25 11
32 48 25 27 12
48 25 27 44 24
25 27 44 59 35
27 44 59 22 32
44 59 22 46 48
59 22 46 9 25
22 46 9 16 27
46 9 16 0 44
9 16 0 70 59
16 0 70 29 22
0 70 29 40 46
70 29 40 74 9
29 40 74 68 16
40 74 68 49 0
74 68 49 20 70
68 49 20 39 29
49 20 39 79 40
20 39 79 56 74
39 79 56 14 68
79 56 14 23 49
56 14 23 50 20
14 23 50 21 39
23 50 21 51 79
50 21 51 6 56
21 51 6 62 14
51 6 62 3 23
6 62 3 78 50
62 3 78 61 21
3 78 61 2 51
78 61 2 66 6
61 2 66 53 62
2 66 53 5 3
66 53 5 77 78
53 5 77 76 61
5 77 76 72 2
77 76 72 69 66
76 72 69 34 53
72 69 34 28 5
69 34 28 36 77
34 28 36 71 76
28 36 71 30 72
36 71 30 52 69
71 30 52 1 34
30 52 1 65 28
52 1 65 41 36
1 65 41 75 71
65 41 75 80 30
41 75 80 57 52
75 80 57 26 1
80 57 26 31 65
57 26 31 47 41
26 31 47 13 75
31 47 13 19 80
47 13 19 38 57
13 19 38 67 26
19 38 67 45 31
38 67 45 17 47
67 45 17 4 13
45 17 4 73 19
17 4 73 64 38
4 73 64 37 67
73 64 37 63 45
64 37 63 42 17
37 63 42 60 4
63 42 60 7 73
42 60 7 54 64

74 74 74 74 74
20 45 23 29 57
45 23 29 46 5
23 29 46 24 56
29 46 24 41 20
46 24 41 54 45
24 41 54 21 23
41 54 21 30 29
54 21 30 31 46
21 30 31 35 24
30 31 35 38 41
31 35 38 73 54
35 38 73 79 21
38 73 79 71 30
73 79 71 36 31
79 71 36 77 35
71 36 77 55 38
36 77 55 25 73
77 55 25 42 79
55 25 42 66 71
25 42 66 32 36
42 66 32 27 77
66 32 27 50 55
32 27 50 0 25
27 50 0 76 42
50 0 76 60 66
0 76 60 13 32
76 60 13 7 27
60 13 7 69 50
13 7 69 40 0
7 69 40 62 76
69 40 62 9 60
40 62 9 22 13
62 9 22 34 7
9 22 34 43 69
22 34 43 70 40
34 43 70 44 62
43 70 44 65 9
70 44 65 47 22
44 65 47 19 34
65 47 19 53 43
47 19 53 11 70
19 53 11 18 44
53 11 18 49 65
11 18 49 8 47
18 49 8 64 19
49 8 64 52 53
8 64 52 16 11
64 52 16 15 18
52 16 15 14 49
16 15 14 2 8
15 14 2 72 64
14 2 72 75 52
2 72 75 59 16
72 75 59 1 15
75 59 1 80 14
59 1 80 63 2
1 80 63 48 72
80 63 48 4 75
63 48 4 61 59
48 4 61 17 1
4 61 17 10 80
61 17 10 26 63
17 10 26 37 48
10 26 37 78 4
26 37 78 67 61
37 78 67 33 17
78 67 33 39 10
67 33 39 58 26
33 39 58 6 37
39 58 6 68 78
58 6 68 28 67
6 68 28 51 33
68 28 51 12 39
28 51 12 3 58
51 12 3 57 6
12 3 57 5 68
3 57 5 56 28
57 5 56 20 51
5 56 20 45 12
56 20 45 23 3

7 7 7 7 7
34 62 28 70 11
62 28 70 60 37
28 70 60 32 16
70 60 32 73 34
60 32 73 17 62
32 73 17 29 28
73 17 29 65 70
17 29 65 63 60
29 65 63 67 32
65 63 67 79 73
63 67 79 6 17
67 79 6 3 29
79 6 3 22 65
6 3 22 80 63
3 22 80 1 67
22 80 1 15 79
80 1 15 30 6
1 15 30 77 3
15 30 77 20 22
30 77 20 64 80
77 20 64 71 1
20 64 71 55 15
64 71 55 44 30
71 55 44 0 77
55 44 0 14 20
44 0 14 45 64
0 14 45 39 71
14 45 39 23 55
45 39 23 72 44
39 23 72 13 0
23 72 13 53 14
72 13 53 27 45
13 53 27 66 39
53 27 66 75 23
27 66 75 21 72
66 75 21 76 13
75 21 76 25 53
21 76 25 61 27
76 25 61 33 66
25 61 33 58 75
61 33 58 52 21
33 58 52 35 76
58 52 35 54 25
52 35 54 40 61
35 54 40 24 33
54 40 24 57 58
40 24 57 48 52
24 57 48 50 35
57 48 50 46 54
48 50 46 43 40
50 46 43 8 24
46 43 8 2 57
43 8 2 10 48
8 2 10 42 50
2 10 42 4 46
10 42 4 26 43
42 4 26 56 8
4 26 56 36 2
26 56 36 12 10
56 36 12 49 42
36 12 49 51 4
12 49 51 31 26
49 51 31 78 56
51 31 78 5 36
31 78 5 18 12
78 5 18 68 49
5 18 68 74 51
18 68 74 9 31
68 74 9 41 78
74 9 41 19 5
9 41 19 69 18
41 19 69 59 68
19 69 59 47 74
69 59 47 38 9
59 47 38 11 41
47 38 11 37 19
38 11 37 16 69
11 37 16 34 59
37 16 34 62 47
16 34 62 28 38

23 23 23 23 23
50 75 53 59 6
75 53 59 76 35
53 59 76 45 5
59 76 45 71 50
76 45 71 3 75
45 71 3 51 53
71 3 51 60 59
3 51 60 61 76
51 60 61 56 45
60 61 56 68 71
61 56 68 22 3
56 68 22 19 51
68 22 19 11 60
22 19 11 66 61
19 11 66 26 56
11 66 26 4 68
66 26 4 46 22
26 4 46 63 19
4 46 63 15 11
46 63 15 62 66
63 15 62 57 26
15 62 57 80 4
62 57 80 30 46
57 80 30 25 63
80 30 25 0 15
30 25 0 43 62
25 0 43 28 57
0 43 28 9 80
43 28 9 70 30
28 9 70 2 25
9 70 2 39 0
70 2 39 52 43
2 39 52 55 28
39 52 55 64 9
52 55 64 10 70
55 64 10 65 2
64 10 65 14 39
10 65 14 77 52
65 14 77 49 55
14 77 49 74 64
77 49 74 41 10
49 74 41 48 65
74 41 48 79 14
41 48 79 29 77
48 79 29 13 49
79 29 13 73 74
29 13 73 37 41
13 73 37 36 48
73 37 36 44 79
37 36 44 32 29
36 44 32 21 13
44 32 21 24 73
32 21 24 8 37
21 24 8 31 36
24 8 31 20 44
8 31 20 12 32
31 20 12 78 21
20 12 78 34 24
12 78 34 1 8
78 34 1 38 31
34 1 38 40 20
1 38 40 47 12
38 40 47 67 78
40 47 67 18 34
47 67 18 16 1
67 18 16 54 38
18 16 54 69 40
16 54 69 7 47
54 69 7 27 67
69 7 27 17 18
7 27 17 58 16
27 17 58 72 54
17 58 72 42 69
58 72 42 33 7
72 42 33 6 27
42 33 6 35 17
33 6 35 5 58
6 35 5 50 72
35 5 50 75 42
5 50 75 53 33

70 70 70 70 70
16 44 10 52 74
44 10 52 42 19
10 52 42 14 79
52 42 14 28 16
42 14 28 80 44
14 28 80 11 10
28 80 11 47 52
80 11 47 45 42
11 47 45 49 14
47 45 49 34 28
45 49 34 69 80
49 34 69 66 11
34 69 66 58 47
69 66 58 35 45
66 58 35 64 49
58 35 64 78 34
35 64 78 12 69
64 78 12 32 66
78 12 32 56 58
12 32 56 46 35
32 56 46 53 64
56 46 53 37 78
46 53 37 26 12
53 37 26 63 32
37 26 63 77 56
26 63 77 0 46
63 77 0 21 53
77 0 21 59 37
0 21 59 27 26
21 59 27 76 63
59 27 76 8 77
27 76 8 9 0
76 8 9 48 21
8 9 48 30 59
9 48 30 57 27
48 30 57 31 76
30 57 31 61 8
57 31 61 43 9
31 61 43 15 48
61 43 15 40 30
43 15 40 7 57
15 40 7 17 31
40 7 17 36 61
7 17 36 22 43
17 36 22 60 15
36 22 60 39 40
22 60 39 3 7
60 39 3 5 17
39 3 5 1 36
3 5 1 25 22
5 1 25 71 60
1 25 71 65 39
25 71 65 73 3
71 65 73 24 5
65 73 24 67 1
73 24 67 62 25
24 67 62 38 71
67 62 38 18 65
62 38 18 75 73
38 18 75 4 24
18 75 4 6 67
75 4 6 13 62
4 6 13 33 38
6 13 33 68 18
13 33 68 54 75
33 68 54 50 4
68 54 50 29 6
54 50 29 72 13
50 29 72 23 33
29 72 23 55 68
72 23 55 51 54
23 55 51 41 50
55 51 41 2 29
51 41 2 20 72
41 2 20 74 23
2 20 74 19 55
20 74 19 79 51
74 19 79 16 41
19 79 16 44 2
79 16 44 10 20

76 76 76 76 76
22 50 25 31 62
50 25 31 48 7
25 31 48 20 58
31 48 20 43 22
48 20 43 59 50
20 43 59 26 25
43 59 26 35 31
59 26 35 33 48
26 35 33 28 20
35 33 28 40 43
33 28 40 75 59
28 40 75 72 26
40 75 72 64 35
75 72 64 41 33
72 64 41 79 28
64 41 79 57 40
41 79 57 18 75
79 57 18 38 72
57 18 38 71 64
18 38 71 34 41
38 71 34 32 79
71 34 32 52 57
34 32 52 5 18
32 52 5 78 38
52 5 78 56 71
5 78 56 15 34
78 56 15 0 32
56 15 0 65 52
15 0 65 42 5
0 65 42 55 78
65 42 55 14 56
42 55 14 24 15
55 14 24 27 0
14 24 27 36 65
24 27 36 63 42
27 36 63 37 55
36 63 37 67 14
63 37 67 49 24
37 67 49 21 27
67 49 21 46 36
49 21 46 13 63
21 46 13 23 37
46 13 23 51 67
13 23 51 1 49
23 51 1 66 21
51 1 66 45 46
1 66 45 9 13
66 45 9 11 23
45 9 11 16 51
9 11 16 4 1
11 16 4 77 66
16 4 77 80 45
4 77 80 61 9
77 80 61 3 11
80 61 3 73 16
61 3 73 68 4
3 73 68 53 77
73 68 53 6 80
68 53 6 54 61
53 6 54 10 3
6 54 10 12 73
54 10 12 19 68
10 12 19 39 53
12 19 39 74 6
19 39 74 69 54
39 74 69 29 10
74 69 29 44 12
69 29 44 60 19
29 44 60 2 39
44 60 2 70 74
60 2 70 30 69
2 70 30 47 29
70 30 47 17 44
30 47 17 8 60
47 17 8 62 2
17 8 62 7 70
8 62 7 58 30
62 7 58 22 47
7 58 22 50 17
58 22 50 25 8

14 14 14 14 14
41 66 44 77 24
66 44 77 67 53
44 77 67 36 23
77 67 36 62 41
67 36 62 21 66
36 62 21 42 44
62 21 42 78 77
21 42 78 79 67
42 78 79 74 36
78 79 74 59 62
79 74 59 13 21
74 59 13 10 42
59 13 10 2 78
13 10 2 57 79
10 2 57 17 74
2 57 17 22 59
57 17 22 37 13
17 22 37 54 10
22 37 54 6 2
37 54 6 80 57
54 6 80 75 17
6 80 75 71 22
80 75 71 48 37
75 71 48 16 54
71 48 16 18 6
48 16 18 34 80
16 18 34 46 75
18 34 46 0 71
34 46 0 61 48
46 0 61 20 16
0 61 20 30 18
61 20 30 43 34
20 30 43 73 46
30 43 73 55 0
43 73 55 1 61
73 55 1 56 20
55 1 56 5 30
1 56 5 68 43
56 5 68 40 73
5 68 40 65 55
68 40 65 32 1
40 65 32 39 56
65 32 39 70 5
32 39 70 47 68
39 70 47 4 40
70 47 4 64 65
47 4 64 28 32
4 64 28 27 39
64 28 27 35 70
28 27 35 50 47
27 35 50 12 4
35 50 12 15 64
50 12 15 26 28
12 15 26 49 27
15 26 49 11 35
26 49 11 3 50
49 11 3 69 12
11 3 69 52 15
3 69 52 19 26
69 52 19 29 49
52 19 29 31 11
19 29 31 38 3
29 31 38 58 69
31 38 58 9 52
38 58 9 7 19
58 9 7 72 29
9 7 72 60 31
7 72 60 25 38
72 60 25 45 58
60 25 45 8 9
25 45 8 76 7
45 8 76 63 72
8 76 63 33 60
76 63 33 51 25
63 33 51 24 45
33 51 24 53 8
51 24 53 23 76
24 53 23 41 63
53 23 41 66 33
23 41 66 44 51

43 43 43 43 43
70 17 64 25 47
17 64 25 15 73
64 25 15 68 52
25 15 68 1 70
15 68 1 53 17
68 1 53 65 64
1 53 65 20 25
53 65 20 18 15
65 20 18 22 68
20 18 22 7 1
18 22 7 42 53
22 7 42 39 65
7 42 39 31 20
42 39 31 8 18
39 31 8 37 22
31 8 37 51 7
8 37 51 66 42
37 51 66 5 39
51 66 5 29 31
66 5 29 19 8
5 29 19 26 37
29 19 26 10 51
19 26 10 80 66
26 10 80 36 5
10 80 36 50 29
80 36 50 54 19
36 50 54 75 26
50 54 75 32 10
54 75 32 0 80
75 32 0 49 36
32 0 49 62 50
0 49 62 63 54
49 62 63 21 75
62 63 21 3 32
63 21 3 30 0
21 3 30 4 49
3 30 4 34 62
30 4 34 16 63
4 34 16 69 21
34 16 69 13 3
16 69 13 61 30
69 13 61 71 4
13 61 71 9 34
61 71 9 76 16
71 9 76 33 69
9 76 33 12 13
76 33 12 57 61
33 12 57 59 71
12 57 59 55 9
57 59 55 79 76
59 55 79 44 33
55 79 44 38 12
79 44 38 46 57
44 38 46 78 59
38 46 78 40 55
46 78 40 35 79
78 40 35 11 44
40 35 11 72 38
35 11 72 48 46
11 72 48 58 78
72 48 58 60 40
48 58 60 67 35
58 60 67 6 11
60 67 6 41 72
67 6 41 27 48
6 41 27 23 58
41 27 23 2 60
27 23 2 45 67
23 2 45 77 6
2 45 77 28 41
45 77 28 24 27
77 28 24 14 23
28 24 14 56 2
24 14 56 74 45
14 56 74 47 77
56 74 47 73 28
74 47 73 52 24
47 73 52 70 14
73 52 70 17 56
52 70 17 64 74

21 21 21 21 21
48 76 51 57 7
76 51 57 77 33
51 57 77 46 3
57 77 46 69 48
77 46 69 4 76
46 69 4 52 51
69 4 52 61 57
4 52 61 62 77
52 61 62 54 46
61 62 54 66 69
62 54 66 23 4
54 66 23 20 52
66 23 20 9 61
23 20 9 67 62
20 9 67 24 54
9 67 24 5 66
67 24 5 47 23
24 5 47 64 20
5 47 64 16 9
47 64 16 60 67
64 16 60 58 24
16 60 58 78 5
60 58 78 31 47
58 78 31 26 64
78 31 26 1 16
31 26 1 44 60
26 1 44 29 58
1 44 29 10 78
44 29 10 71 31
29 10 71 0 26
10 71 0 40 1
71 0 40 53 44
0 40 53 56 29
40 53 56 65 10
53 56 65 11 71
56 65 11 63 0
65 11 63 12 40
11 63 12 75 53
63 12 75 50 56
12 75 50 72 65
75 50 72 39 11
50 72 39 49 63
72 39 49 80 12
39 49 80 27 75
49 80 27 14 50
80 27 14 74 72
27 14 74 38 39
14 74 38 37 49
74 38 37 42 80
38 37 42 30 27
37 42 30 22 14
42 30 22 25 74
30 22 25 6 38
22 25 6 32 37
25 6 32 18 42
6 32 18 13 30
32 18 13 79 22
18 13 79 35 25
13 79 35 2 6
79 35 2 36 32
35 2 36 41 18
2 36 41 45 13
36 41 45 68 79
41 45 68 19 35
45 68 19 17 2
68 19 17 55 36
19 17 55 70 41
17 55 70 8 45
55 70 8 28 68
70 8 28 15 19
8 28 15 59 17
28 15 59 73 55
15 59 73 43 70
59 73 43 34 8
73 43 34 7 28
43 34 7 33 15
34 7 33 3 59
7 33 3 48 73
33 3 48 76 43
3 48 76 51 34

65 65 65 65 65
11 36 14 47 75
36 14 47 37 23
14 47 37 15 74
47 37 15 32 11
37 15 32 72 36
15 32 72 12 14
32 72 12 48 47
72 12 48 49 37
12 48 49 53 15
48 49 53 29 32
49 53 29 64 72
53 29 64 70 12
29 64 70 62 48
64 70 62 27 49
70 62 27 68 53
62 27 68 73 29
27 68 73 16 64
68 73 16 33 70
73 16 33 57 62
16 33 57 50 27
33 57 50 45 68
57 50 45 41 73
50 45 41 18 16
45 41 18 67 33
41 18 67 78 57
18 67 78 4 50
67 78 4 25 45
78 4 25 60 41
4 25 60 31 18
25 60 31 80 67
60 31 80 0 78
31 80 0 13 4
80 0 13 52 25
0 13 52 34 60
13 52 34 61 31
52 34 61 35 80
34 61 35 56 0
61 35 56 38 13
35 56 38 10 52
56 38 10 44 34
38 10 44 2 61
10 44 2 9 35
44 2 9 40 56
2 9 40 26 38
9 40 26 55 10
40 26 55 43 44
26 55 43 7 2
55 43 7 6 9
43 7 6 5 40
7 6 5 20 26
6 5 20 63 55
5 20 63 66 43
20 63 66 77 7
63 66 77 19 6
66 77 19 71 5
77 19 71 54 20
19 71 54 39 63
71 54 39 22 66
54 39 22 79 77
39 22 79 8 19
22 79 8 1 71
79 8 1 17 54
8 1 17 28 39
1 17 28 69 22
17 28 69 58 79
28 69 58 51 8
69 58 51 30 1
58 51 30 76 17
51 30 76 24 28
30 76 24 59 69
76 24 59 46 58
24 59 46 42 51
59 46 42 3 30
46 42 3 21 76
42 3 21 75 24
3 21 75 23 59
21 75 23 74 46
75 23 74 11 42
23 74 11 36 3
74 11 36 14 21

61 61 61 61 61
7 35 1 43 65
35 1 43 33 10
1 43 33 5 70
43 33 5 46 7
33 5 46 71 35
5 46 71 2 1
46 71 2 38 43
71 2 38 36 33
2 38 36 40 5
38 36 40 52 46
36 40 52 60 71
40 52 60 57 2
52 60 57 76 38
60 57 76 53 36
57 76 53 55 40
76 53 55 69 52
53 55 69 3 60
55 69 3 50 57
69 3 50 74 76
3 50 74 37 53
50 74 37 44 55
74 37 44 28 69
37 44 28 17 3
44 28 17 54 50
28 17 54 68 74
17 54 68 18 37
54 68 18 12 44
68 18 12 77 28
18 12 77 45 17
12 77 45 67 54
77 45 67 26 68
45 67 26 0 18
67 26 0 39 12
26 0 39 48 77
0 39 48 75 45
39 48 75 49 67
48 75 49 79 26
75 49 79 34 0
49 79 34 6 39
79 34 6 31 48
34 6 31 25 75
6 31 25 8 49
31 25 8 27 79
25 8 27 13 34
8 27 13 78 6
27 13 78 30 31
13 78 30 21 25
78 30 21 23 8
30 21 23 19 27
21 23 19 16 13
23 19 16 62 78
19 16 62 56 30
16 62 56 64 21
62 56 64 15 23
56 64 15 58 19
64 15 58 80 16
15 58 80 29 62
58 80 29 9 56
80 29 9 66 64
29 9 66 22 15
9 66 22 24 58
66 22 24 4 80
22 24 4 51 29
24 4 51 59 9
4 51 59 72 66
51 59 72 41 22
59 72 41 47 24
72 41 47 63 4
41 47 63 14 51
47 63 14 73 59
63 14 73 42 72
14 73 42 32 41
73 42 32 20 47
42 32 20 11 63
32 20 11 65 14
20 11 65 10 73
11 65 10 70 42
65 10 70 7 32
10 70 7 35 20
70 7 35 1 11

49 49 49 49 49
76 23 79 4 35
23 79 4 21 61
79 4 21 74 31
4 21 74 16 76
21 74 16 32 23
74 16 32 80 79
16 32 80 8 4
32 80 8 6 21
80 8 6 1 74
8 6 1 13 16
6 1 13 48 32
1 13 48 45 80
13 48 45 37 8
48 45 37 14 6
45 37 14 52 1
37 14 52 30 13
14 52 30 72 48
52 30 72 11 45
30 72 11 44 37
72 11 44 7 14
11 44 7 5 52
44 7 5 25 30
7 5 25 59 72
5 25 59 51 11
25 59 51 29 44
59 51 29 69 7
51 29 69 54 5
29 69 54 38 25
69 54 38 15 59
54 38 15 28 51
38 15 28 68 29
15 28 68 78 69
28 68 78 0 54
68 78 0 9 38
78 0 9 36 15
0 9 36 10 28
9 36 10 40 68
36 10 40 22 78
10 40 22 75 0
40 22 75 19 9
22 75 19 67 36
75 19 67 77 10
19 67 77 24 40
67 77 24 55 22
77 24 55 39 75
24 55 39 18 19
55 39 18 63 67
39 18 63 65 77
18 63 65 70 24
63 65 70 58 55
65 70 58 50 39
70 58 50 53 18
58 50 53 34 63
50 53 34 57 65
53 34 57 46 70
34 57 46 41 58
57 46 41 26 50
46 41 26 60 53
41 26 60 27 34
26 60 27 64 57
60 27 64 66 46
27 64 66 73 41
64 66 73 12 26
66 73 12 47 60
73 12 47 42 27
12 47 42 2 64
47 42 2 17 66
42 2 17 33 73
2 17 33 56 12
17 33 56 43 47
33 56 43 3 42
56 43 3 20 2
43 3 20 71 17
3 20 71 62 33
20 71 62 35 56
71 62 35 61 43
62 35 61 31 3
35 61 31 76 20
61 31 76 23 71
31 76 23 79 62

40 40 40 40 40
67 14 70 22 53
14 70 22 12 79
70 22 12 65 49
22 12 65 7 67
12 65 7 50 14
65 7 50 71 70
7 50 71 26 22
50 71 26 24 12
71 26 24 19 65
26 24 19 4 7
24 19 4 39 50
19 4 39 36 71
4 39 36 28 26
39 36 28 5 24
36 28 5 43 19
28 5 43 48 4
5 43 48 63 39
43 48 63 2 36
48 63 2 35 28
63 2 35 25 5
2 35 25 23 43
35 25 23 16 48
25 23 16 77 63
23 16 77 42 2
16 77 42 47 35
77 42 47 60 25
42 47 60 72 23
47 60 72 29 16
60 72 29 6 77
72 29 6 46 42
29 6 46 59 47
6 46 59 69 60
46 59 69 18 72
59 69 18 0 29
69 18 0 27 6
18 0 27 1 46
0 27 1 31 59
27 1 31 13 69
1 31 13 66 18
31 13 66 10 0
13 66 10 58 27
66 10 58 68 1
10 58 68 15 31
58 68 15 73 13
68 15 73 30 66
15 73 30 9 10
73 30 9 54 58
30 9 54 56 68
9 54 56 61 15
54 56 61 76 73
56 61 76 41 30
61 76 41 44 9
76 41 44 52 54
41 44 52 75 56
44 52 75 37 61
52 75 37 32 76
75 37 32 17 41
37 32 17 78 44
32 17 78 45 52
17 78 45 55 75
78 45 55 57 37
45 55 57 64 32
55 57 64 3 17
57 64 3 38 78
64 3 38 33 45
3 38 33 20 55
38 33 20 8 57
33 20 8 51 64
20 8 51 74 3
8 51 74 34 38
51 74 34 21 33
74 34 21 11 20
34 21 11 62 8
21 11 62 80 51
11 62 80 53 74
62 80 53 79 34
80 53 79 49 21
53 79 49 67 11
79 49 67 14 62
49 67 14 70 80

13 13 13 13 13
40 68 43 76 26
68 43 76 66 52
43 76 66 38 22
76 66 38 61 40
66 38 61 23 68
38 61 23 44 43
61 23 44 80 76
23 44 80 78 66
44 80 78 73 38
80 78 73 58 61
78 73 58 12 23
73 58 12 9 44
58 12 9 1 80
12 9 1 59 78
9 1 59 16 73
1 59 16 21 58
59 16 21 36 12
16 21 36 56 9
21 36 56 8 1
36 56 8 79 59
56 8 79 77 16
8 79 77 70 21
79 77 70 50 36
77 70 50 15 56
70 50 15 20 8
50 15 20 33 79
15 20 33 45 77
20 33 45 2 70
33 45 2 60 50
45 2 60 19 15
2 60 19 32 20
60 19 32 42 33
19 32 42 72 45
32 42 72 54 2
42 72 54 0 60
72 54 0 55 19
54 0 55 4 32
0 55 4 67 42
55 4 67 39 72
4 67 39 64 54
67 39 64 31 0
39 64 31 41 55
64 31 41 69 4
31 41 69 46 67
41 69 46 3 39
69 46 3 63 64
46 3 63 27 31
3 63 27 29 41
63 27 29 34 69
27 29 34 49 46
29 34 49 14 3
34 49 14 17 63
49 14 17 25 27
14 17 25 48 29
17 25 48 10 34
25 48 10 5 49
48 10 5 71 14
10 5 71 51 17
5 71 51 18 25
71 51 18 28 48
51 18 28 30 10
18 28 30 37 5
28 30 37 57 71
30 37 57 11 51
37 57 11 6 18
57 11 6 74 28
11 6 74 62 30
6 74 62 24 37
74 62 24 47 57
62 24 47 7 11
24 47 7 75 6
47 7 75 65 74
7 75 65 35 62
75 65 35 53 24
65 35 53 26 47
35 53 26 52 7
53 26 52 22 75
26 52 22 40 65
52 22 40 68 35
22 40 68 43 53

39 39 39 39 39
66 13 69 21 52
13 69 21 14 78
69 21 14 64 48
21 14 64 6 66
14 64 6 49 13
64 6 49 70 69
6 49 70 25 21
49 70 25 26 14
70 25 26 18 64
25 26 18 3 6
26 18 3 41 49
18 3 41 38 70
3 41 38 27 25
41 38 27 4 26
38 27 4 42 18
27 4 42 50 3
4 42 50 65 41
42 50 65 1 38
50 65 1 34 27
65 1 34 24 4
1 34 24 22 42
34 24 22 15 50
24 22 15 76 65
22 15 76 44 1
15 76 44 46 34
76 44 46 62 24
44 46 62 74 22
46 62 74 28 15
62 74 28 8 76
74 28 8 45 44
28 8 45 58 46
8 45 58 71 62
45 58 71 20 74
58 71 20 2 28
71 20 2 29 8
20 2 29 0 45
2 29 0 30 58
29 0 30 12 71
0 30 12 68 20
30 12 68 9 2
12 68 9 57 29
68 9 57 67 0
9 57 67 17 30
57 67 17 72 12
67 17 72 32 68
17 72 32 11 9
72 32 11 56 57
32 11 56 55 67
11 56 55 60 17
56 55 60 75 72
55 60 75 40 32
60 75 40 43 11
75 40 43 51 56
40 43 51 77 55
43 51 77 36 60
51 77 36 31 75
77 36 31 16 40
36 31 16 80 43
31 16 80 47 51
16 80 47 54 77
80 47 54 59 36
47 54 59 63 31
54 59 63 5 16
59 63 5 37 80
63 5 37 35 47
5 37 35 19 54
37 35 19 7 59
35 19 7 53 63
19 7 53 73 5
7 53 73 33 37
53 73 33 23 35
73 33 23 10 19
33 23 10 61 7
23 10 61 79 53
10 61 79 52 73
61 79 52 78 33
79 52 78 48 23
52 78 48 66 10
78 48 66 13 61
48 66 13 69 79

9 9 9 9 9
36 64 39 72 22
64 39 72 65 48
39 72 65 43 18
72 65 43 57 36
65 43 57 19 64
43 57 19 40 39
57 19 40 76 72
19 40 76 77 65
40 76 77 78 43
76 77 78 54 57
77 78 54 11 19
78 54 11 17 40
54 11 17 6 76
11 17 6 55 77
17 6 55 12 78
6 55 12 20 54
55 12 20 44 11
12 20 44 61 17
20 44 61 4 6
44 61 4 75 55
61 4 75 73 12
4 75 73 66 20
75 73 66 46 44
73 66 46 14 61
66 46 14 25 4
46 14 25 32 75
14 25 32 53 73
25 32 53 7 66
32 53 7 59 46
53 7 59 24 14
7 59 24 28 25
59 24 28 41 32
24 28 41 80 53
28 41 80 62 7
41 80 62 8 59
80 62 8 60 24
62 8 60 0 28
8 60 0 63 41
60 0 63 38 80
0 63 38 69 62
63 38 69 27 8
38 69 27 37 60
69 27 37 68 0
27 37 68 51 63
37 68 51 2 38
68 51 2 71 69
51 2 71 35 27
2 71 35 34 37
71 35 34 30 68
35 34 30 45 51
34 30 45 10 2
30 45 10 13 71
45 10 13 21 35
10 13 21 47 34
13 21 47 15 30
21 47 15 1 45
47 15 1 67 10
15 1 67 50 13
1 67 50 26 21
67 50 26 33 47
50 26 33 29 15
26 33 29 42 1
33 29 42 56 67
29 42 56 16 50
42 56 16 5 26
56 16 5 79 33
16 5 79 58 29
5 79 58 23 42
79 58 23 52 56
58 23 52 3 16
23 52 3 74 5
52 3 74 70 79
3 74 70 31 58
74 70 31 49 23
70 31 49 22 52
31 49 22 48 3
49 22 48 18 74
22 48 18 36 70
48 18 36 64 31
18 36 64 39 49
