WD:
(n1,n2)=(1,2): id1=(1 5 8 10 ), id2=(1 4 7 11 )
(n1,n2)=(2,2): id1=(1 3 5 9 14 ), id2=(1 5 6 9 14 )
(n1,n2)=(2,3): id1=(1 5 6 9 13 14 ), id2=(1 5 6 8 9 14 )
(n1,n2)=(2,4): id1=(1 4 6 7 9 11 13 ), id2=(1 5 6 9 10 13 14 )
(n1,n2)=(2,6): id1=(1 3 4 7 8 9 12 13 14 ), id2=(1 5 6 8 9 10 12 13 14 )
(n1,n2)=(3,2): id1=(1 2 3 5 9 14 ), id2=(1 2 3 5 8 9 )
(n1,n2)=(3,3): id1=(1 3 5 6 8 9 14 ), id2=(1 2 3 5 8 9 14 )
(n1,n2)=(3,4): id1=(1 3 5 6 8 9 11 14 ), id2=(1 3 4 5 7 8 9 10 )
(n1,n2)=(3,5): id1=(1 3 4 5 7 8 9 12 14 ), id2=(1 4 5 6 7 8 11 12 14 )
(n1,n2)=(3,6): id1=(1 3 5 6 8 9 10 11 13 14 ), id2=(1 4 5 6 7 8 10 11 12 14 )
(n1,n2)=(3,7): id1=(1 3 4 5 7 8 9 10 11 12 14 ), id2=(1 4 5 6 7 8 9 10 11 12 14 )
(n1,n2)=(3,8): id1=(1 3 4 5 7 8 9 10 11 12 13 14 ), id2=(1 4 5 6 7 8 9 10 11 12 13 14 )
(n1,n2)=(4,3): id1=(1 3 4 5 6 8 9 10 ), id2=(1 3 4 5 6 7 8 9 )
(n1,n2)=(4,4): id1=(1 3 4 5 6 7 9 11 14 ), id2=(1 3 4 5 6 7 8 9 10 )
(n1,n2)=(4,5): id1=(1 3 4 5 6 7 8 9 11 14 ), id2=(1 3 4 5 6 7 8 9 10 14 )
(n1,n2)=(4,6): id1=(1 3 4 5 6 8 9 10 11 13 14 ), id2=(1 3 4 5 6 7 8 9 10 11 14 )
(n1,n2)=(5,3): id1=(1 2 3 4 5 6 8 9 10 ), id2=(1 2 3 4 5 6 7 8 9 )
(n1,n2)=(5,4): id1=(1 2 3 4 5 6 7 8 12 14 ), id2=(1 2 3 4 5 6 7 8 9 10 )
(n1,n2)=(5,5): id1=(1 2 3 4 5 6 9 10 11 13 14 ), id2=(1 2 3 4 5 6 7 8 9 10 14 )
(n1,n2)=(5,6): id1=(1 2 3 4 5 6 8 9 10 11 13 14 ), id2=(1 2 3 4 5 6 7 8 9 10 11 14 )
(n1,n2)=(5,7): id1=(1 2 3 4 5 6 8 9 10 11 12 13 14 ), id2=(1 2 3 4 5 6 7 8 9 10 11 12 14 )
CD:
(n1,n2)=(1,2): id1=(1 5 8 10 ), id2=(1 4 7 11 )
(n1,n2)=(2,2): id1=(1 3 5 9 14 ), id2=(1 5 6 9 14 )
(n1,n2)=(2,3): id1=(1 5 6 9 13 14 ), id2=(1 5 6 8 9 14 )
(n1,n2)=(2,4): id1=(1 4 6 7 9 11 13 ), id2=(1 5 6 9 10 13 14 )
(n1,n2)=(2,6): id1=(1 3 4 7 8 9 12 13 14 ), id2=(1 5 6 8 9 10 12 13 14 )
(n1,n2)=(3,2): id1=(1 2 3 5 9 14 ), id2=(1 2 3 5 8 9 )
(n1,n2)=(3,3): id1=(1 3 5 6 8 9 14 ), id2=(1 2 3 5 8 9 14 )
(n1,n2)=(3,4): id1=(1 3 5 6 8 9 11 14 ), id2=(1 3 4 5 7 8 9 10 )
(n1,n2)=(3,5): id1=(1 3 4 5 7 8 9 12 14 ), id2=(1 4 5 6 7 8 11 12 14 )
(n1,n2)=(3,6): id1=(1 3 5 6 8 9 10 11 13 14 ), id2=(1 4 5 6 7 8 10 11 12 14 )
(n1,n2)=(3,7): id1=(1 3 4 5 7 8 9 10 11 12 14 ), id2=(1 4 5 6 7 8 9 10 11 12 14 )
(n1,n2)=(3,8): id1=(1 3 4 5 7 8 9 10 11 12 13 14 ), id2=(1 4 5 6 7 8 9 10 11 12 13 14 )
(n1,n2)=(4,4): id1=(1 3 4 5 6 7 9 11 14 ), id2=(1 3 4 5 6 7 8 9 10 )
(n1,n2)=(4,5): id1=(1 3 4 5 6 7 8 9 11 14 ), id2=(1 3 4 5 6 7 8 9 10 14 )
(n1,n2)=(4,6): id1=(1 3 4 5 6 8 9 10 11 13 14 ), id2=(1 3 4 5 6 7 8 9 10 11 14 )
(n1,n2)=(5,4): id1=(1 2 3 4 5 6 7 8 12 14 ), id2=(1 2 3 4 5 6 7 8 9 10 )
(n1,n2)=(5,5): id1=(1 2 3 4 5 6 9 10 11 13 14 ), id2=(1 2 3 4 5 6 7 8 9 10 14 )
(n1,n2)=(5,6): id1=(1 2 3 4 5 6 8 9 10 11 13 14 ), id2=(1 2 3 4 5 6 7 8 9 10 11 14 )
(n1,n2)=(5,7): id1=(1 2 3 4 5 6 8 9 10 11 12 13 14 ), id2=(1 2 3 4 5 6 7 8 9 10 11 12 14 )
MD:
(n1,n2)=(1,2): id1=(1 5 8 10 ), id2=(1 4 7 11 )
(n1,n2)=(2,2): id1=(1 3 5 9 14 ), id2=(1 5 6 9 14 )
(n1,n2)=(2,3): id1=(1 5 6 9 13 14 ), id2=(1 5 6 8 9 14 )
(n1,n2)=(2,4): id1=(1 4 6 7 9 11 13 ), id2=(1 5 6 9 10 13 14 )
(n1,n2)=(2,6): id1=(1 3 4 7 8 9 12 13 14 ), id2=(1 5 6 8 9 10 12 13 14 )
(n1,n2)=(3,2): id1=(1 2 3 5 9 14 ), id2=(1 2 3 5 8 9 )
(n1,n2)=(3,3): id1=(1 3 5 6 8 9 14 ), id2=(1 2 3 5 8 9 14 )
(n1,n2)=(3,4): id1=(1 3 5 6 8 9 11 14 ), id2=(1 3 4 5 7 8 9 10 )
(n1,n2)=(3,5): id1=(1 3 4 5 7 8 9 12 14 ), id2=(1 4 5 6 7 8 11 12 14 )
(n1,n2)=(3,6): id1=(1 3 5 6 8 9 10 11 13 14 ), id2=(1 4 5 6 7 8 10 11 12 14 )
(n1,n2)=(3,7): id1=(1 3 4 5 7 8 9 10 11 12 14 ), id2=(1 4 5 6 7 8 9 10 11 12 14 )
(n1,n2)=(3,8): id1=(1 3 4 5 7 8 9 10 11 12 13 14 ), id2=(1 4 5 6 7 8 9 10 11 12 13 14 )
(n1,n2)=(4,3): id1=(1 3 4 5 6 8 9 10 ), id2=(1 3 4 5 6 7 8 9 )
(n1,n2)=(4,4): id1=(1 3 4 5 6 7 9 11 14 ), id2=(1 3 4 5 6 7 8 9 10 )
(n1,n2)=(4,5): id1=(1 3 4 5 6 7 8 9 11 14 ), id2=(1 3 4 5 6 7 8 9 10 14 )
(n1,n2)=(4,6): id1=(1 3 4 5 6 8 9 10 11 13 14 ), id2=(1 3 4 5 6 7 8 9 10 11 14 )
(n1,n2)=(5,3): id1=(1 2 3 4 5 6 8 9 10 ), id2=(1 2 3 4 5 6 7 8 9 )
(n1,n2)=(5,4): id1=(1 2 3 4 5 6 7 9 11 14 ), id2=(1 2 3 4 5 6 7 8 9 10 )
(n1,n2)=(5,5): id1=(1 2 3 4 5 6 9 10 11 13 14 ), id2=(1 2 3 4 5 6 7 8 9 10 14 )
(n1,n2)=(5,6): id1=(1 2 3 4 5 6 8 9 10 11 13 14 ), id2=(1 2 3 4 5 6 7 8 9 10 11 14 )
(n1,n2)=(5,7): id1=(1 2 3 4 5 6 8 9 10 11 12 13 14 ), id2=(1 2 3 4 5 6 7 8 9 10 11 12 14 )
