WD:
1 2 7 
1 2 7 
1 5 8 10 
1 4 7 11 
1  2  1.252542e-01  7.6  7.92e-01  1.252736e-01  7.6  6.25e-01
1 4 7 10 11 
1 4 7 10 11 
1 4 7 10 11 12 
1 4 7 10 11 12 
1 5 7 8 9 12 14 
1 5 7 8 9 12 14 
1 4 7 8 10 11 12 14 
1 4 7 8 10 11 12 14 
1 4 7 8 9 10 11 12 13 
1 4 7 8 9 10 11 12 13 
1 3 7 8 9 10 11 12 13 14 
1 3 7 8 9 10 11 12 13 14 
1 2 4 7 
1 2 4 7 
1 3 5 9 14 
1 5 6 9 14 
2  2  1.827173e-01  1800.7  4.17e+00  1.827307e-01  1799.3  3.75e+00
1 5 6 9 13 14 
1 5 6 8 9 14 
2  3  3.260774e-01  5967.9  6.71e+00  3.260956e-01  6005.3  6.62e+00
1 4 6 7 9 11 13 
1 5 6 9 10 13 14 
2  4  5.473018e-01  20176.5  1.12e+01  5.473906e-01  21408.9  1.05e+01
1 5 6 8 9 10 13 14 
1 5 6 8 9 10 13 14 
1 3 4 7 8 9 12 13 14 
1 5 6 8 9 10 12 13 14 
