阶段2，水平置换时间
Stage2Time(3 3): 0.00  0.00  0.00  0.00  0.00  0.00
Stage2Time(5 2): 0.00  0.03  0.02  0.00  0.03  0.09
Stage2Time(5 3): 0.00  0.03  0.02  0.00  0.06  0.03
Stage2Time(5 5): 0.00  0.03  0.03  0.00  0.02  0.03
Stage2Time(4 6): 0.00  0.00  0.00  0.00  0.02  0.02
Stage2Time(9 3): 0.00  2.34  2.48  0.00  2.31  2.36
Stage2Time(3 8): 0.00  0.02  0.00  0.00  0.00  0.00
Stage2Time(3 9): 0.00  0.00  0.02  0.00  0.00  0.00
Stage2Time(3 10): 0.00  0.00  0.00  0.00  0.00  0.02
Stage2Time(5 9): 0.00  0.03  0.03  0.00  0.03  0.03