5.50142015e-02 1 2 3 4 8 0.000000000000e+00 0.000000000000e+00 6.000000000000e+00 3.750000000000e+00 2.750000000000e+00 
5.47350862e-02 1 2 3 5 8 0.000000000000e+00 0.000000000000e+00 4.791666666667e+00 5.791666666667e+00 1.916666666667e+00 
5.50142015e-02 1 2 3 6 8 0.000000000000e+00 0.000000000000e+00 6.000000000000e+00 3.750000000000e+00 2.750000000000e+00 
5.50166581e-02 1 2 3 7 8 0.000000000000e+00 0.000000000000e+00 5.750000000000e+00 3.750000000000e+00 3.000000000000e+00 
5.47489897e-02 1 2 4 5 8 0.000000000000e+00 0.000000000000e+00 4.833333333333e+00 5.583333333333e+00 2.083333333333e+00 
5.50166581e-02 1 2 4 6 8 0.000000000000e+00 0.000000000000e+00 5.750000000000e+00 3.750000000000e+00 3.000000000000e+00 
5.50142015e-02 1 2 4 7 8 0.000000000000e+00 0.000000000000e+00 6.000000000000e+00 3.750000000000e+00 2.750000000000e+00 
5.47489897e-02 1 2 5 6 8 0.000000000000e+00 0.000000000000e+00 4.833333333333e+00 5.583333333333e+00 2.083333333333e+00 
5.48562452e-02 1 2 5 7 8 0.000000000000e+00 0.000000000000e+00 5.083333333333e+00 5.083333333333e+00 2.333333333333e+00 
5.50142015e-02 1 2 6 7 8 0.000000000000e+00 0.000000000000e+00 6.000000000000e+00 3.750000000000e+00 2.750000000000e+00 
5.47350862e-02 1 3 4 5 8 0.000000000000e+00 0.000000000000e+00 4.791666666667e+00 5.791666666667e+00 1.916666666667e+00 
5.50142015e-02 1 3 4 6 8 0.000000000000e+00 0.000000000000e+00 6.000000000000e+00 3.750000000000e+00 2.750000000000e+00 
5.50166581e-02 1 3 4 7 8 0.000000000000e+00 0.000000000000e+00 5.750000000000e+00 3.750000000000e+00 3.000000000000e+00 
5.47350862e-02 1 3 5 6 8 0.000000000000e+00 0.000000000000e+00 4.791666666667e+00 5.791666666667e+00 1.916666666667e+00 
5.47737651e-02 1 3 5 7 8 0.000000000000e+00 0.000000000000e+00 4.250000000000e+00 7.500000000000e+00 7.500000000000e-01 
5.50166581e-02 1 3 6 7 8 0.000000000000e+00 0.000000000000e+00 5.750000000000e+00 3.750000000000e+00 3.000000000000e+00 
5.47489897e-02 1 4 5 6 8 0.000000000000e+00 0.000000000000e+00 4.833333333333e+00 5.583333333333e+00 2.083333333333e+00 
5.48562452e-02 1 4 5 7 8 0.000000000000e+00 0.000000000000e+00 5.083333333333e+00 5.083333333333e+00 2.333333333333e+00 
5.50142015e-02 1 4 6 7 8 0.000000000000e+00 0.000000000000e+00 6.000000000000e+00 3.750000000000e+00 2.750000000000e+00 
5.48562452e-02 1 5 6 7 8 0.000000000000e+00 0.000000000000e+00 5.083333333333e+00 5.083333333333e+00 2.333333333333e+00 
5.48284382e-02 2 3 4 5 8 0.000000000000e+00 0.000000000000e+00 5.000000000000e+00 5.500000000000e+00 2.000000000000e+00 
5.50166581e-02 2 3 4 6 8 0.000000000000e+00 0.000000000000e+00 5.750000000000e+00 3.750000000000e+00 3.000000000000e+00 
5.50142015e-02 2 3 4 7 8 0.000000000000e+00 0.000000000000e+00 6.000000000000e+00 3.750000000000e+00 2.750000000000e+00 
5.48284382e-02 2 3 5 6 8 0.000000000000e+00 0.000000000000e+00 5.000000000000e+00 5.500000000000e+00 2.000000000000e+00 
5.47350862e-02 2 3 5 7 8 0.000000000000e+00 0.000000000000e+00 4.791666666667e+00 5.791666666667e+00 1.916666666667e+00 
5.50142015e-02 2 3 6 7 8 0.000000000000e+00 0.000000000000e+00 6.000000000000e+00 3.750000000000e+00 2.750000000000e+00 
5.47737651e-02 2 4 5 6 8 0.000000000000e+00 0.000000000000e+00 4.250000000000e+00 7.500000000000e+00 7.500000000000e-01 
5.47489897e-02 2 4 5 7 8 0.000000000000e+00 0.000000000000e+00 4.833333333333e+00 5.583333333333e+00 2.083333333333e+00 
5.50166581e-02 2 4 6 7 8 0.000000000000e+00 0.000000000000e+00 5.750000000000e+00 3.750000000000e+00 3.000000000000e+00 
5.47489897e-02 2 5 6 7 8 0.000000000000e+00 0.000000000000e+00 4.833333333333e+00 5.583333333333e+00 2.083333333333e+00 
5.48284382e-02 3 4 5 6 8 0.000000000000e+00 0.000000000000e+00 5.000000000000e+00 5.500000000000e+00 2.000000000000e+00 
5.47350862e-02 3 4 5 7 8 0.000000000000e+00 0.000000000000e+00 4.791666666667e+00 5.791666666667e+00 1.916666666667e+00 
5.50142015e-02 3 4 6 7 8 0.000000000000e+00 0.000000000000e+00 6.000000000000e+00 3.750000000000e+00 2.750000000000e+00 
5.47350862e-02 3 5 6 7 8 0.000000000000e+00 0.000000000000e+00 4.791666666667e+00 5.791666666667e+00 1.916666666667e+00 
5.47489897e-02 4 5 6 7 8 0.000000000000e+00 0.000000000000e+00 4.833333333333e+00 5.583333333333e+00 2.083333333333e+00 
5.47771103e-02 1 2 3 4 9 0.000000000000e+00 0.000000000000e+00 4.666666666667e+00 6.416666666667e+00 1.416666666667e+00 
5.47531973e-02 1 2 3 5 9 0.000000000000e+00 0.000000000000e+00 4.875000000000e+00 5.875000000000e+00 1.750000000000e+00 
5.47771103e-02 1 2 3 6 9 0.000000000000e+00 0.000000000000e+00 4.666666666667e+00 6.416666666667e+00 1.416666666667e+00 
5.48388397e-02 1 2 3 7 9 0.000000000000e+00 0.000000000000e+00 4.750000000000e+00 5.750000000000e+00 2.000000000000e+00 
5.48593030e-02 1 2 4 5 9 0.000000000000e+00 0.000000000000e+00 5.416666666667e+00 4.916666666667e+00 2.166666666667e+00 
5.48388397e-02 1 2 4 6 9 0.000000000000e+00 0.000000000000e+00 4.750000000000e+00 5.750000000000e+00 2.000000000000e+00 
5.47771103e-02 1 2 4 7 9 0.000000000000e+00 0.000000000000e+00 4.666666666667e+00 6.416666666667e+00 1.416666666667e+00 
5.48593030e-02 1 2 5 6 9 0.000000000000e+00 0.000000000000e+00 5.416666666667e+00 4.916666666667e+00 2.166666666667e+00 
5.49221039e-02 1 2 5 7 9 0.000000000000e+00 0.000000000000e+00 5.416666666667e+00 4.916666666667e+00 2.166666666667e+00 
5.47771103e-02 1 2 6 7 9 0.000000000000e+00 0.000000000000e+00 4.666666666667e+00 6.416666666667e+00 1.416666666667e+00 
5.47531973e-02 1 3 4 5 9 0.000000000000e+00 0.000000000000e+00 4.875000000000e+00 5.875000000000e+00 1.750000000000e+00 
5.47771103e-02 1 3 4 6 9 0.000000000000e+00 0.000000000000e+00 4.666666666667e+00 6.416666666667e+00 1.416666666667e+00 
5.48388397e-02 1 3 4 7 9 0.000000000000e+00 0.000000000000e+00 4.750000000000e+00 5.750000000000e+00 2.000000000000e+00 
5.47531973e-02 1 3 5 6 9 0.000000000000e+00 0.000000000000e+00 4.875000000000e+00 5.875000000000e+00 1.750000000000e+00 
5.48626743e-02 1 3 5 7 9 0.000000000000e+00 0.000000000000e+00 4.750000000000e+00 6.500000000000e+00 1.250000000000e+00 
5.48388397e-02 1 3 6 7 9 0.000000000000e+00 0.000000000000e+00 4.750000000000e+00 5.750000000000e+00 2.000000000000e+00 
5.48593030e-02 1 4 5 6 9 0.000000000000e+00 0.000000000000e+00 5.416666666667e+00 4.916666666667e+00 2.166666666667e+00 
5.49221039e-02 1 4 5 7 9 0.000000000000e+00 0.000000000000e+00 5.416666666667e+00 4.916666666667e+00 2.166666666667e+00 
5.47771103e-02 1 4 6 7 9 0.000000000000e+00 0.000000000000e+00 4.666666666667e+00 6.416666666667e+00 1.416666666667e+00 
5.49221039e-02 1 5 6 7 9 0.000000000000e+00 0.000000000000e+00 5.416666666667e+00 4.916666666667e+00 2.166666666667e+00 
5.48877110e-02 2 3 4 5 9 0.000000000000e+00 0.000000000000e+00 5.333333333333e+00 4.833333333333e+00 2.333333333333e+00 
5.48388397e-02 2 3 4 6 9 0.000000000000e+00 0.000000000000e+00 4.750000000000e+00 5.750000000000e+00 2.000000000000e+00 
5.47771103e-02 2 3 4 7 9 0.000000000000e+00 0.000000000000e+00 4.666666666667e+00 6.416666666667e+00 1.416666666667e+00 
5.48877110e-02 2 3 5 6 9 0.000000000000e+00 0.000000000000e+00 5.333333333333e+00 4.833333333333e+00 2.333333333333e+00 
5.47531973e-02 2 3 5 7 9 0.000000000000e+00 0.000000000000e+00 4.875000000000e+00 5.875000000000e+00 1.750000000000e+00 
5.47771103e-02 2 3 6 7 9 0.000000000000e+00 0.000000000000e+00 4.666666666667e+00 6.416666666667e+00 1.416666666667e+00 
5.50404927e-02 2 4 5 6 9 0.000000000000e+00 0.000000000000e+00 5.750000000000e+00 4.500000000000e+00 2.250000000000e+00 
5.48593030e-02 2 4 5 7 9 0.000000000000e+00 0.000000000000e+00 5.416666666667e+00 4.916666666667e+00 2.166666666667e+00 
5.48388397e-02 2 4 6 7 9 0.000000000000e+00 0.000000000000e+00 4.750000000000e+00 5.750000000000e+00 2.000000000000e+00 
5.48593030e-02 2 5 6 7 9 0.000000000000e+00 0.000000000000e+00 5.416666666667e+00 4.916666666667e+00 2.166666666667e+00 
5.48877110e-02 3 4 5 6 9 0.000000000000e+00 0.000000000000e+00 5.333333333333e+00 4.833333333333e+00 2.333333333333e+00 
5.47531973e-02 3 4 5 7 9 0.000000000000e+00 0.000000000000e+00 4.875000000000e+00 5.875000000000e+00 1.750000000000e+00 
5.47771103e-02 3 4 6 7 9 0.000000000000e+00 0.000000000000e+00 4.666666666667e+00 6.416666666667e+00 1.416666666667e+00 
5.47531973e-02 3 5 6 7 9 0.000000000000e+00 0.000000000000e+00 4.875000000000e+00 5.875000000000e+00 1.750000000000e+00 
5.48593030e-02 4 5 6 7 9 0.000000000000e+00 0.000000000000e+00 5.416666666667e+00 4.916666666667e+00 2.166666666667e+00 
5.47771103e-02 1 2 3 4 10 0.000000000000e+00 0.000000000000e+00 4.666666666667e+00 6.416666666667e+00 1.416666666667e+00 
5.49194905e-02 1 2 3 5 10 0.000000000000e+00 0.000000000000e+00 5.791666666667e+00 4.291666666667e+00 2.416666666667e+00 
5.47771103e-02 1 2 3 6 10 0.000000000000e+00 0.000000000000e+00 4.666666666667e+00 6.416666666667e+00 1.416666666667e+00 
5.48388397e-02 1 2 3 7 10 0.000000000000e+00 0.000000000000e+00 4.750000000000e+00 5.750000000000e+00 2.000000000000e+00 
5.46897169e-02 1 2 4 5 10 0.000000000000e+00 0.000000000000e+00 4.500000000000e+00 6.250000000000e+00 1.750000000000e+00 
5.48388397e-02 1 2 4 6 10 0.000000000000e+00 0.000000000000e+00 4.750000000000e+00 5.750000000000e+00 2.000000000000e+00 
5.47771103e-02 1 2 4 7 10 0.000000000000e+00 0.000000000000e+00 4.666666666667e+00 6.416666666667e+00 1.416666666667e+00 
5.46897169e-02 1 2 5 6 10 0.000000000000e+00 0.000000000000e+00 4.500000000000e+00 6.250000000000e+00 1.750000000000e+00 
5.47673360e-02 1 2 5 7 10 0.000000000000e+00 0.000000000000e+00 4.583333333333e+00 6.083333333333e+00 1.833333333333e+00 
5.47771103e-02 1 2 6 7 10 0.000000000000e+00 0.000000000000e+00 4.666666666667e+00 6.416666666667e+00 1.416666666667e+00 
5.49194905e-02 1 3 4 5 10 0.000000000000e+00 0.000000000000e+00 5.791666666667e+00 4.291666666667e+00 2.416666666667e+00 
5.47771103e-02 1 3 4 6 10 0.000000000000e+00 0.000000000000e+00 4.666666666667e+00 6.416666666667e+00 1.416666666667e+00 
5.48388397e-02 1 3 4 7 10 0.000000000000e+00 0.000000000000e+00 4.750000000000e+00 5.750000000000e+00 2.000000000000e+00 
5.49194905e-02 1 3 5 6 10 0.000000000000e+00 0.000000000000e+00 5.791666666667e+00 4.291666666667e+00 2.416666666667e+00 
5.50404927e-02 1 3 5 7 10 0.000000000000e+00 0.000000000000e+00 5.750000000000e+00 4.500000000000e+00 2.250000000000e+00 
5.48388397e-02 1 3 6 7 10 0.000000000000e+00 0.000000000000e+00 4.750000000000e+00 5.750000000000e+00 2.000000000000e+00 
5.46897169e-02 1 4 5 6 10 0.000000000000e+00 0.000000000000e+00 4.500000000000e+00 6.250000000000e+00 1.750000000000e+00 
5.47673360e-02 1 4 5 7 10 0.000000000000e+00 0.000000000000e+00 4.583333333333e+00 6.083333333333e+00 1.833333333333e+00 
5.47771103e-02 1 4 6 7 10 0.000000000000e+00 0.000000000000e+00 4.666666666667e+00 6.416666666667e+00 1.416666666667e+00 
5.47673360e-02 1 5 6 7 10 0.000000000000e+00 0.000000000000e+00 4.583333333333e+00 6.083333333333e+00 1.833333333333e+00 
5.50490648e-02 2 3 4 5 10 0.000000000000e+00 0.000000000000e+00 6.166666666667e+00 4.166666666667e+00 2.166666666667e+00 
5.48388397e-02 2 3 4 6 10 0.000000000000e+00 0.000000000000e+00 4.750000000000e+00 5.750000000000e+00 2.000000000000e+00 
5.47771103e-02 2 3 4 7 10 0.000000000000e+00 0.000000000000e+00 4.666666666667e+00 6.416666666667e+00 1.416666666667e+00 
5.50490648e-02 2 3 5 6 10 0.000000000000e+00 0.000000000000e+00 6.166666666667e+00 4.166666666667e+00 2.166666666667e+00 
5.49194905e-02 2 3 5 7 10 0.000000000000e+00 0.000000000000e+00 5.791666666667e+00 4.291666666667e+00 2.416666666667e+00 
5.47771103e-02 2 3 6 7 10 0.000000000000e+00 0.000000000000e+00 4.666666666667e+00 6.416666666667e+00 1.416666666667e+00 
5.48626743e-02 2 4 5 6 10 0.000000000000e+00 0.000000000000e+00 4.750000000000e+00 6.500000000000e+00 1.250000000000e+00 
5.46897169e-02 2 4 5 7 10 0.000000000000e+00 0.000000000000e+00 4.500000000000e+00 6.250000000000e+00 1.750000000000e+00 
5.48388397e-02 2 4 6 7 10 0.000000000000e+00 0.000000000000e+00 4.750000000000e+00 5.750000000000e+00 2.000000000000e+00 
5.46897169e-02 2 5 6 7 10 0.000000000000e+00 0.000000000000e+00 4.500000000000e+00 6.250000000000e+00 1.750000000000e+00 
5.50490648e-02 3 4 5 6 10 0.000000000000e+00 0.000000000000e+00 6.166666666667e+00 4.166666666667e+00 2.166666666667e+00 
5.49194905e-02 3 4 5 7 10 0.000000000000e+00 0.000000000000e+00 5.791666666667e+00 4.291666666667e+00 2.416666666667e+00 
5.47771103e-02 3 4 6 7 10 0.000000000000e+00 0.000000000000e+00 4.666666666667e+00 6.416666666667e+00 1.416666666667e+00 
5.49194905e-02 3 5 6 7 10 0.000000000000e+00 0.000000000000e+00 5.791666666667e+00 4.291666666667e+00 2.416666666667e+00 
5.46897169e-02 4 5 6 7 10 0.000000000000e+00 0.000000000000e+00 4.500000000000e+00 6.250000000000e+00 1.750000000000e+00 
