0 0 0 0 0 0 0 0 0 0 0 0 0 0 0 0 0 0 0 0 0 0
2 10 15 20 5 5 15 0 10 20 2 2 2 10 15 20 5 5 15 0 10 20
3 15 20 5 10 15 10 5 0 20 3 3 3 15 20 5 10 15 10 5 0 20
4 20 5 10 15 5 10 20 15 0 4 4 4 20 5 10 15 5 10 20 15 0
1 5 10 15 20 15 0 20 10 5 1 1 1 5 10 15 20 15 0 20 10 5
3 15 5 15 5 0 20 10 20 10 3 3 3 15 5 15 5 0 20 10 20 10
4 20 0 5 20 10 15 10 5 15 4 4 4 20 0 5 20 10 15 10 5 15
2 10 10 0 15 20 5 5 20 15 2 2 2 10 10 0 15 20 5 5 20 15
1 5 20 20 0 10 5 15 15 10 1 1 1 5 20 20 0 10 5 15 15 10
0 0 15 10 10 20 20 15 5 5 0 0 0 0 15 10 10 20 20 15 5 5
0 9 9 9 9 9 9 9 9 9 6 12 18 21 21 21 21 21 21 21 21 21
2 19 4 14 24 24 4 9 19 14 8 11 19 1 6 16 11 11 6 21 1 16
3 4 14 24 19 4 19 24 9 14 5 14 17 6 16 11 1 6 1 11 21 16
4 14 24 19 4 24 19 14 4 9 7 10 16 16 11 1 6 11 1 16 6 21
1 24 19 4 14 4 9 14 19 24 9 13 15 11 1 6 16 6 21 16 1 11
3 4 24 4 24 9 14 19 14 19 5 14 17 6 11 6 11 21 16 1 16 1
4 14 9 24 14 19 4 19 24 4 7 10 16 16 21 11 16 1 6 1 11 6
2 19 19 9 4 14 24 24 14 4 8 11 19 1 1 21 6 16 11 11 16 6
1 24 14 14 9 19 24 4 4 19 9 13 15 11 16 16 21 1 11 6 6 1
0 9 4 19 19 14 14 4 24 24 6 12 18 21 6 1 1 16 16 6 11 11
0 11 11 11 11 11 11 11 11 11 12 18 24 7 7 7 7 7 7 7 7 7
2 6 21 1 16 16 21 11 6 1 11 19 20 17 2 12 22 22 2 7 17 12
3 21 1 16 6 21 6 16 11 1 14 17 21 2 12 22 17 2 17 22 7 12
4 1 16 6 21 16 6 1 21 11 10 16 23 12 22 17 2 22 17 12 2 7
1 16 6 21 1 21 11 1 6 16 13 15 22 22 17 2 12 2 7 12 17 22
3 21 16 21 16 11 1 6 1 6 14 17 21 2 22 2 22 7 12 17 12 17
4 1 11 16 1 6 21 6 16 21 10 16 23 12 7 22 12 17 2 17 22 2
2 6 6 11 21 1 16 16 1 21 11 19 20 17 17 7 2 12 22 22 12 2
1 16 1 1 11 6 16 21 21 6 13 15 22 22 12 12 7 17 22 2 2 17
0 11 21 6 6 1 1 21 16 16 12 18 24 7 2 17 17 12 12 2 22 22
0 17 17 17 17 17 17 17 17 17 18 24 6 13 13 13 13 13 13 13 13 13
2 22 12 7 2 2 12 17 22 7 19 20 8 8 23 3 18 18 23 13 8 3
3 12 7 2 22 12 22 2 17 7 17 21 5 23 3 18 8 23 8 18 13 3
4 7 2 22 12 2 22 7 12 17 16 23 7 3 18 8 23 18 8 3 23 13
1 2 22 12 7 12 17 7 22 2 15 22 9 18 8 23 3 23 13 3 8 18
3 12 2 12 2 17 7 22 7 22 17 21 5 23 18 23 18 13 3 8 3 8
4 7 17 2 7 22 12 22 2 12 16 23 7 3 13 18 3 8 23 8 18 23
2 22 22 17 12 7 2 2 7 12 19 20 8 8 8 13 23 3 18 18 3 23
1 2 7 7 17 22 2 12 12 22 15 22 9 18 3 3 13 8 18 23 23 8
0 17 12 22 22 7 7 12 2 2 18 24 6 13 23 8 8 3 3 23 18 18
0 23 23 23 23 23 23 23 23 23 24 6 12 19 19 19 19 19 19 19 19 19
2 3 8 18 13 13 8 23 3 18 20 8 11 24 14 9 4 4 14 19 24 9
3 8 18 13 3 8 3 13 23 18 21 5 14 14 9 4 24 14 24 4 19 9
4 18 13 3 8 13 3 18 8 23 23 7 10 9 4 24 14 4 24 9 14 19
1 13 3 8 18 8 23 18 3 13 22 9 13 4 24 14 9 14 19 9 24 4
3 8 13 8 13 23 18 3 18 3 21 5 14 14 4 14 4 19 9 24 9 24
4 18 23 13 18 3 8 3 13 8 23 7 10 9 19 4 9 24 14 24 4 14
2 3 3 23 8 18 13 13 18 8 20 8 11 24 24 19 14 9 4 4 9 14
1 13 18 18 23 3 13 8 8 3 22 9 13 4 9 9 19 24 4 14 14 24
0 23 8 3 3 18 18 8 13 13 24 6 12 19 14 24 24 9 9 14 4 4
6 1 1 1 1 1 1 1 1 1 6 6 6 5 5 5 5 5 5 5 5 5
8 11 16 21 6 6 16 1 11 21 8 8 8 15 0 10 20 20 0 5 15 10
5 16 21 6 11 16 11 6 1 21 5 5 5 0 10 20 15 0 15 20 5 10
7 21 6 11 16 6 11 21 16 1 7 7 7 10 20 15 0 20 15 10 0 5
9 6 11 16 21 16 1 21 11 6 9 9 9 20 15 0 10 0 5 10 15 20
5 16 6 16 6 1 21 11 21 11 5 5 5 0 20 0 20 5 10 15 10 15
7 21 1 6 21 11 16 11 6 16 7 7 7 10 5 20 10 15 0 15 20 0
8 11 11 1 16 21 6 6 21 16 8 8 8 15 15 5 0 10 20 20 10 0
9 6 21 21 1 11 6 16 16 11 9 9 9 20 10 10 5 15 20 0 0 15
6 1 16 11 11 21 21 16 6 6 6 6 6 5 0 15 15 10 10 0 20 20
6 7 7 7 7 7 7 7 7 7 24 18 0 11 11 11 11 11 11 11 11 11
8 17 2 12 22 22 2 7 17 12 20 19 2 6 21 1 16 16 21 11 6 1
5 2 12 22 17 2 17 22 7 12 21 17 3 21 1 16 6 21 6 16 11 1
7 12 22 17 2 22 17 12 2 7 23 16 4 1 16 6 21 16 6 1 21 11
9 22 17 2 12 2 7 12 17 22 22 15 1 16 6 21 1 21 11 1 6 16
5 2 22 2 22 7 12 17 12 17 21 17 3 21 16 21 16 11 1 6 1 6
7 12 7 22 12 17 2 17 22 2 23 16 4 1 11 16 1 6 21 6 16 21
8 17 17 7 2 12 22 22 12 2 20 19 2 6 6 11 21 1 16 16 1 21
9 22 12 12 7 17 22 2 2 17 22 15 1 16 1 1 11 6 16 21 21 6
6 7 2 17 17 12 12 2 22 22 24 18 0 11 21 6 6 1 1 21 16 16
6 14 14 14 14 14 14 14 14 14 18 0 12 22 22 22 22 22 22 22 22 22
8 9 24 4 19 19 24 14 9 4 19 2 11 2 7 17 12 12 7 22 2 17
5 24 4 19 9 24 9 19 14 4 17 3 14 7 17 12 2 7 2 12 22 17
7 4 19 9 24 19 9 4 24 14 16 4 10 17 12 2 7 12 2 17 7 22
9 19 9 24 4 24 14 4 9 19 15 1 13 12 2 7 17 7 22 17 2 12
5 24 19 24 19 14 4 9 4 9 17 3 14 7 12 7 12 22 17 2 17 2
7 4 14 19 4 9 24 9 19 24 16 4 10 17 22 12 17 2 7 2 12 7
8 9 9 14 24 4 19 19 4 24 19 2 11 2 2 22 7 17 12 12 17 7
9 19 4 4 14 9 19 24 24 9 15 1 13 12 17 17 22 2 12 7 7 2
6 14 24 9 9 4 4 24 19 19 18 0 12 22 7 2 2 17 17 7 12 12
6 18 18 18 18 18 18 18 18 18 0 12 24 18 18 18 18 18 18 18 18 18
8 23 13 8 3 3 13 18 23 8 2 11 20 23 13 8 3 3 13 18 23 8
5 13 8 3 23 13 23 3 18 8 3 14 21 13 8 3 23 13 23 3 18 8
7 8 3 23 13 3 23 8 13 18 4 10 23 8 3 23 13 3 23 8 13 18
9 3 23 13 8 13 18 8 23 3 1 13 22 3 23 13 8 13 18 8 23 3
5 13 3 13 3 18 8 23 8 23 3 14 21 13 3 13 3 18 8 23 8 23
7 8 18 3 8 23 13 23 3 13 4 10 23 8 18 3 8 23 13 23 3 13
8 23 23 18 13 8 3 3 8 13 2 11 20 23 23 18 13 8 3 3 8 13
9 3 8 8 18 23 3 13 13 23 1 13 22 3 8 8 18 23 3 13 13 23
6 18 13 23 23 8 8 13 3 3 0 12 24 18 13 23 23 8 8 13 3 3
6 20 20 20 20 20 20 20 20 20 12 24 18 4 4 4 4 4 4 4 4 4
8 0 5 15 10 10 5 20 0 15 11 20 19 14 19 24 9 9 19 4 14 24
5 5 15 10 0 5 0 10 20 15 14 21 17 19 24 9 14 19 14 9 4 24
7 15 10 0 5 10 0 15 5 20 10 23 16 24 9 14 19 9 14 24 19 4
9 10 0 5 15 5 20 15 0 10 13 22 15 9 14 19 24 19 4 24 14 9
5 5 10 5 10 20 15 0 15 0 14 21 17 19 9 19 9 4 24 14 24 14
7 15 20 10 15 0 5 0 10 5 10 23 16 24 4 9 24 14 19 14 9 19
8 0 0 20 5 15 10 10 15 5 11 20 19 14 14 4 19 24 9 9 24 19
9 10 15 15 20 0 10 5 5 0 13 22 15 9 24 24 4 14 9 19 19 14
6 20 5 0 0 15 15 5 10 10 12 24 18 4 19 14 14 24 24 19 9 9
12 2 2 2 2 2 2 2 2 2 12 12 12 10 10 10 10 10 10 10 10 10
11 12 17 22 7 7 17 2 12 22 11 11 11 5 20 0 15 15 20 10 5 0
14 17 22 7 12 17 12 7 2 22 14 14 14 20 0 15 5 20 5 15 10 0
10 22 7 12 17 7 12 22 17 2 10 10 10 0 15 5 20 15 5 0 20 10
13 7 12 17 22 17 2 22 12 7 13 13 13 15 5 20 0 20 10 0 5 15
14 17 7 17 7 2 22 12 22 12 14 14 14 20 15 20 15 10 0 5 0 5
10 22 2 7 22 12 17 12 7 17 10 10 10 0 10 15 0 5 20 5 15 20
11 12 12 2 17 22 7 7 22 17 11 11 11 5 5 10 20 0 15 15 0 20
13 7 22 22 2 12 7 17 17 12 13 13 13 15 0 0 10 5 15 20 20 5
12 2 17 12 12 22 22 17 7 7 12 12 12 10 20 5 5 0 0 20 15 15
12 5 5 5 5 5 5 5 5 5 18 6 24 1 1 1 1 1 1 1 1 1
11 15 0 10 20 20 0 5 15 10 19 8 20 11 16 21 6 6 16 1 11 21
14 0 10 20 15 0 15 20 5 10 17 5 21 16 21 6 11 16 11 6 1 21
10 10 20 15 0 20 15 10 0 5 16 7 23 21 6 11 16 6 11 21 16 1
13 20 15 0 10 0 5 10 15 20 15 9 22 6 11 16 21 16 1 21 11 6
14 0 20 0 20 5 10 15 10 15 17 5 21 16 6 16 6 1 21 11 21 11
10 10 5 20 10 15 0 15 20 0 16 7 23 21 1 6 21 11 16 11 6 16
11 15 15 5 0 10 20 20 10 0 19 8 20 11 11 1 16 21 6 6 21 16
13 20 10 10 5 15 20 0 0 15 15 9 22 6 21 21 1 11 6 16 16 11
12 5 0 15 15 10 10 0 20 20 18 6 24 1 16 11 11 21 21 16 6 6
12 13 13 13 13 13 13 13 13 13 6 24 0 17 17 17 17 17 17 17 17 17
11 8 23 3 18 18 23 13 8 3 8 20 2 22 12 7 2 2 12 17 22 7
14 23 3 18 8 23 8 18 13 3 5 21 3 12 7 2 22 12 22 2 17 7
10 3 18 8 23 18 8 3 23 13 7 23 4 7 2 22 12 2 22 7 12 17
13 18 8 23 3 23 13 3 8 18 9 22 1 2 22 12 7 12 17 7 22 2
14 23 18 23 18 13 3 8 3 8 5 21 3 12 2 12 2 17 7 22 7 22
10 3 13 18 3 8 23 8 18 23 7 23 4 7 17 2 7 22 12 22 2 12
11 8 8 13 23 3 18 18 3 23 8 20 2 22 22 17 12 7 2 2 7 12
13 18 3 3 13 8 18 23 23 8 9 22 1 2 7 7 17 22 2 12 12 22
12 13 23 8 8 3 3 23 18 18 6 24 0 17 12 22 22 7 7 12 2 2
12 16 16 16 16 16 16 16 16 16 24 0 18 8 8 8 8 8 8 8 8 8
11 21 11 6 1 1 11 16 21 6 20 2 19 18 3 13 23 23 3 8 18 13
14 11 6 1 21 11 21 1 16 6 21 3 17 3 13 23 18 3 18 23 8 13
10 6 1 21 11 1 21 6 11 16 23 4 16 13 23 18 3 23 18 13 3 8
13 1 21 11 6 11 16 6 21 1 22 1 15 23 18 3 13 3 8 13 18 23
14 11 1 11 1 16 6 21 6 21 21 3 17 3 23 3 23 8 13 18 13 18
10 6 16 1 6 21 11 21 1 11 23 4 16 13 8 23 13 18 3 18 23 3
11 21 21 16 11 6 1 1 6 11 20 2 19 18 18 8 3 13 23 23 13 3
13 1 6 6 16 21 1 11 11 21 22 1 15 23 13 13 8 18 23 3 3 18
12 16 11 21 21 6 6 11 1 1 24 0 18 8 3 18 18 13 13 3 23 23
12 24 24 24 24 24 24 24 24 24 0 18 6 24 24 24 24 24 24 24 24 24
11 4 9 19 14 14 9 24 4 19 2 19 8 4 9 19 14 14 9 24 4 19
14 9 19 14 4 9 4 14 24 19 3 17 5 9 19 14 4 9 4 14 24 19
10 19 14 4 9 14 4 19 9 24 4 16 7 19 14 4 9 14 4 19 9 24
13 14 4 9 19 9 24 19 4 14 1 15 9 14 4 9 19 9 24 19 4 14
14 9 14 9 14 24 19 4 19 4 3 17 5 9 14 9 14 24 19 4 19 4
10 19 24 14 19 4 9 4 14 9 4 16 7 19 24 14 19 4 9 4 14 9
11 4 4 24 9 19 14 14 19 9 2 19 8 4 4 24 9 19 14 14 19 9
13 14 19 19 24 4 14 9 9 4 1 15 9 14 19 19 24 4 14 9 9 4
12 24 9 4 4 19 19 9 14 14 0 18 6 24 9 4 4 19 19 9 14 14
18 3 3 3 3 3 3 3 3 3 18 18 18 15 15 15 15 15 15 15 15 15
19 13 18 23 8 8 18 3 13 23 19 19 19 20 10 5 0 0 10 15 20 5
17 18 23 8 13 18 13 8 3 23 17 17 17 10 5 0 20 10 20 0 15 5
16 23 8 13 18 8 13 23 18 3 16 16 16 5 0 20 10 0 20 5 10 15
15 8 13 18 23 18 3 23 13 8 15 15 15 0 20 10 5 10 15 5 20 0
17 18 8 18 8 3 23 13 23 13 17 17 17 10 0 10 0 15 5 20 5 20
16 23 3 8 23 13 18 13 8 18 16 16 16 5 15 0 5 20 10 20 0 10
19 13 13 3 18 23 8 8 23 18 19 19 19 20 20 15 10 5 0 0 5 10
15 8 23 23 3 13 8 18 18 13 15 15 15 0 5 5 15 20 0 10 10 20
18 3 18 13 13 23 23 18 8 8 18 18 18 15 10 20 20 5 5 10 0 0
18 6 6 6 6 6 6 6 6 6 0 24 12 6 6 6 6 6 6 6 6 6
19 16 1 11 21 21 1 6 16 11 2 20 11 16 1 11 21 21 1 6 16 11
17 1 11 21 16 1 16 21 6 11 3 21 14 1 11 21 16 1 16 21 6 11
16 11 21 16 1 21 16 11 1 6 4 23 10 11 21 16 1 21 16 11 1 6
15 21 16 1 11 1 6 11 16 21 1 22 13 21 16 1 11 1 6 11 16 21
17 1 21 1 21 6 11 16 11 16 3 21 14 1 21 1 21 6 11 16 11 16
16 11 6 21 11 16 1 16 21 1 4 23 10 11 6 21 11 16 1 16 21 1
19 16 16 6 1 11 21 21 11 1 2 20 11 16 16 6 1 11 21 21 11 1
15 21 11 11 6 16 21 1 1 16 1 22 13 21 11 11 6 16 21 1 1 16
18 6 1 16 16 11 11 1 21 21 0 24 12 6 1 16 16 11 11 1 21 21
18 10 10 10 10 10 10 10 10 10 24 12 6 2 2 2 2 2 2 2 2 2
19 5 20 0 15 15 20 10 5 0 20 11 8 12 17 22 7 7 17 2 12 22
17 20 0 15 5 20 5 15 10 0 21 14 5 17 22 7 12 17 12 7 2 22
16 0 15 5 20 15 5 0 20 10 23 10 7 22 7 12 17 7 12 22 17 2
15 15 5 20 0 20 10 0 5 15 22 13 9 7 12 17 22 17 2 22 12 7
17 20 15 20 15 10 0 5 0 5 21 14 5 17 7 17 7 2 22 12 22 12
16 0 10 15 0 5 20 5 15 20 23 10 7 22 2 7 22 12 17 12 7 17
19 5 5 10 20 0 15 15 0 20 20 11 8 12 12 2 17 22 7 7 22 17
15 15 0 0 10 5 15 20 20 5 22 13 9 7 22 22 2 12 7 17 17 12
18 10 20 5 5 0 0 20 15 15 24 12 6 2 17 12 12 22 22 17 7 7
18 19 19 19 19 19 19 19 19 19 12 6 0 23 23 23 23 23 23 23 23 23
19 24 14 9 4 4 14 19 24 9 11 8 2 3 8 18 13 13 8 23 3 18
17 14 9 4 24 14 24 4 19 9 14 5 3 8 18 13 3 8 3 13 23 18
16 9 4 24 14 4 24 9 14 19 10 7 4 18 13 3 8 13 3 18 8 23
15 4 24 14 9 14 19 9 24 4 13 9 1 13 3 8 18 8 23 18 3 13
17 14 4 14 4 19 9 24 9 24 14 5 3 8 13 8 13 23 18 3 18 3
16 9 19 4 9 24 14 24 4 14 10 7 4 18 23 13 18 3 8 3 13 8
19 24 24 19 14 9 4 4 9 14 11 8 2 3 3 23 8 18 13 13 18 8
15 4 9 9 19 24 4 14 14 24 13 9 1 13 18 18 23 3 13 8 8 3
18 19 14 24 24 9 9 14 4 4 12 6 0 23 8 3 3 18 18 8 13 13
18 22 22 22 22 22 22 22 22 22 6 0 24 14 14 14 14 14 14 14 14 14
19 2 7 17 12 12 7 22 2 17 8 2 20 9 24 4 19 19 24 14 9 4
17 7 17 12 2 7 2 12 22 17 5 3 21 24 4 19 9 24 9 19 14 4
16 17 12 2 7 12 2 17 7 22 7 4 23 4 19 9 24 19 9 4 24 14
15 12 2 7 17 7 22 17 2 12 9 1 22 19 9 24 4 24 14 4 9 19
17 7 12 7 12 22 17 2 17 2 5 3 21 24 19 24 19 14 4 9 4 9
16 17 22 12 17 2 7 2 12 7 7 4 23 4 14 19 4 9 24 9 19 24
19 2 2 22 7 17 12 12 17 7 8 2 20 9 9 14 24 4 19 19 4 24
15 12 17 17 22 2 12 7 7 2 9 1 22 19 4 4 14 9 19 24 24 9
18 22 7 2 2 17 17 7 12 12 6 0 24 14 24 9 9 4 4 24 19 19
24 4 4 4 4 4 4 4 4 4 24 24 24 20 20 20 20 20 20 20 20 20
20 14 19 24 9 9 19 4 14 24 20 20 20 0 5 15 10 10 5 20 0 15
21 19 24 9 14 19 14 9 4 24 21 21 21 5 15 10 0 5 0 10 20 15
23 24 9 14 19 9 14 24 19 4 23 23 23 15 10 0 5 10 0 15 5 20
22 9 14 19 24 19 4 24 14 9 22 22 22 10 0 5 15 5 20 15 0 10
21 19 9 19 9 4 24 14 24 14 21 21 21 5 10 5 10 20 15 0 15 0
23 24 4 9 24 14 19 14 9 19 23 23 23 15 20 10 15 0 5 0 10 5
20 14 14 4 19 24 9 9 24 19 20 20 20 0 0 20 5 15 10 10 15 5
22 9 24 24 4 14 9 19 19 14 22 22 22 10 15 15 20 0 10 5 5 0
24 4 19 14 14 24 24 19 9 9 24 24 24 20 5 0 0 15 15 5 10 10
24 8 8 8 8 8 8 8 8 8 12 0 6 16 16 16 16 16 16 16 16 16
20 18 3 13 23 23 3 8 18 13 11 2 8 21 11 6 1 1 11 16 21 6
21 3 13 23 18 3 18 23 8 13 14 3 5 11 6 1 21 11 21 1 16 6
23 13 23 18 3 23 18 13 3 8 10 4 7 6 1 21 11 1 21 6 11 16
22 23 18 3 13 3 8 13 18 23 13 1 9 1 21 11 6 11 16 6 21 1
21 3 23 3 23 8 13 18 13 18 14 3 5 11 1 11 1 16 6 21 6 21
23 13 8 23 13 18 3 18 23 3 10 4 7 6 16 1 6 21 11 21 1 11
20 18 18 8 3 13 23 23 13 3 11 2 8 21 21 16 11 6 1 1 6 11
22 23 13 13 8 18 23 3 3 18 13 1 9 1 6 6 16 21 1 11 11 21
24 8 3 18 18 13 13 3 23 23 12 0 6 16 11 21 21 6 6 11 1 1
24 12 12 12 12 12 12 12 12 12 0 6 18 12 12 12 12 12 12 12 12 12
20 7 22 2 17 17 22 12 7 2 2 8 19 7 22 2 17 17 22 12 7 2
21 22 2 17 7 22 7 17 12 2 3 5 17 22 2 17 7 22 7 17 12 2
23 2 17 7 22 17 7 2 22 12 4 7 16 2 17 7 22 17 7 2 22 12
22 17 7 22 2 22 12 2 7 17 1 9 15 17 7 22 2 22 12 2 7 17
21 22 17 22 17 12 2 7 2 7 3 5 17 22 17 22 17 12 2 7 2 7
23 2 12 17 2 7 22 7 17 22 4 7 16 2 12 17 2 7 22 7 17 22
20 7 7 12 22 2 17 17 2 22 2 8 19 7 7 12 22 2 17 17 2 22
22 17 2 2 12 7 17 22 22 7 1 9 15 17 2 2 12 7 17 22 22 7
24 12 22 7 7 2 2 22 17 17 0 6 18 12 22 7 7 2 2 22 17 17
24 15 15 15 15 15 15 15 15 15 6 18 12 3 3 3 3 3 3 3 3 3
20 20 10 5 0 0 10 15 20 5 8 19 11 13 18 23 8 8 18 3 13 23
21 10 5 0 20 10 20 0 15 5 5 17 14 18 23 8 13 18 13 8 3 23
23 5 0 20 10 0 20 5 10 15 7 16 10 23 8 13 18 8 13 23 18 3
22 0 20 10 5 10 15 5 20 0 9 15 13 8 13 18 23 18 3 23 13 8
21 10 0 10 0 15 5 20 5 20 5 17 14 18 8 18 8 3 23 13 23 13
23 5 15 0 5 20 10 20 0 10 7 16 10 23 3 8 23 13 18 13 8 18
20 20 20 15 10 5 0 0 5 10 8 19 11 13 13 3 18 23 8 8 23 18
22 0 5 5 15 20 0 10 10 20 9 15 13 8 23 23 3 13 8 18 18 13
24 15 10 20 20 5 5 10 0 0 6 18 12 3 18 13 13 23 23 18 8 8
24 21 21 21 21 21 21 21 21 21 18 12 0 9 9 9 9 9 9 9 9 9
20 1 6 16 11 11 6 21 1 16 19 11 2 19 4 14 24 24 4 9 19 14
21 6 16 11 1 6 1 11 21 16 17 14 3 4 14 24 19 4 19 24 9 14
23 16 11 1 6 11 1 16 6 21 16 10 4 14 24 19 4 24 19 14 4 9
22 11 1 6 16 6 21 16 1 11 15 13 1 24 19 4 14 4 9 14 19 24
21 6 11 6 11 21 16 1 16 1 17 14 3 4 24 4 24 9 14 19 14 19
23 16 21 11 16 1 6 1 11 6 16 10 4 14 9 24 14 19 4 19 24 4
20 1 1 21 6 16 11 11 16 6 19 11 2 19 19 9 4 14 24 24 14 4
22 11 16 16 21 1 11 6 6 1 15 13 1 24 14 14 9 19 24 4 4 19
24 21 6 1 1 16 16 6 11 11 18 12 0 9 4 19 19 14 14 4 24 24
