0 0 0 0 0 0 0 0 0 0 0 0 0 0 0 0 0
0 0 8 4 8 12 12 4 0 0 0 8 4 8 12 12 4
2 8 4 8 12 12 4 0 2 2 8 4 8 12 12 4 0
1 4 8 12 12 4 0 8 1 1 4 8 12 12 4 0 8
2 8 12 12 4 0 8 4 2 2 8 12 12 4 0 8 4
3 12 12 4 0 8 4 8 3 3 12 12 4 0 8 4 8
3 12 4 0 8 4 8 12 3 3 12 4 0 8 4 8 12
1 4 0 8 4 8 12 12 1 1 4 0 8 4 8 12 12
0 7 7 7 7 7 7 7 5 10 13 13 13 13 13 13 13
0 7 15 3 15 11 11 3 5 10 13 5 9 5 1 1 9
2 15 3 15 11 11 3 7 7 8 5 9 5 1 1 9 13
1 3 15 11 11 3 7 15 4 11 9 5 1 1 9 13 5
2 15 11 11 3 7 15 3 7 8 5 1 1 9 13 5 9
3 11 11 3 7 15 3 15 6 9 1 1 9 13 5 9 5
3 11 3 7 15 3 15 11 6 9 1 9 13 5 9 5 1
1 3 7 15 3 15 11 11 4 11 9 13 5 9 5 1 1
0 9 9 9 9 9 9 9 10 15 6 6 6 6 6 6 6
0 9 1 13 1 5 5 13 10 15 6 14 2 14 10 10 2
2 1 13 1 5 5 13 9 8 13 14 2 14 10 10 2 6
1 13 1 5 5 13 9 1 11 14 2 14 10 10 2 6 14
2 1 5 5 13 9 1 13 8 13 14 10 10 2 6 14 2
3 5 5 13 9 1 13 1 9 12 10 10 2 6 14 2 14
3 5 13 9 1 13 1 5 9 12 10 2 6 14 2 14 10
1 13 9 1 13 1 5 5 11 14 2 6 14 2 14 10 10
0 14 14 14 14 14 14 14 15 5 11 11 11 11 11 11 11
0 14 6 10 6 2 2 10 15 5 11 3 15 3 7 7 15
2 6 10 6 2 2 10 14 13 7 3 15 3 7 7 15 11
1 10 6 2 2 10 14 6 14 4 15 3 7 7 15 11 3
2 6 2 2 10 14 6 10 13 7 3 7 7 15 11 3 15
3 2 2 10 14 6 10 6 12 6 7 7 15 11 3 15 3
3 2 10 14 6 10 6 2 12 6 7 15 11 3 15 3 7
1 10 14 6 10 6 2 2 14 4 15 11 3 15 3 7 7
5 1 1 1 1 1 1 1 5 5 4 4 4 4 4 4 4
5 1 9 5 9 13 13 5 5 5 4 12 0 12 8 8 0
7 9 5 9 13 13 5 1 7 7 12 0 12 8 8 0 4
4 5 9 13 13 5 1 9 4 4 0 12 8 8 0 4 12
7 9 13 13 5 1 9 5 7 7 12 8 8 0 4 12 0
6 13 13 5 1 9 5 9 6 6 8 8 0 4 12 0 12
6 13 5 1 9 5 9 13 6 6 8 0 4 12 0 12 8
4 5 1 9 5 9 13 13 4 4 0 4 12 0 12 8 8
5 6 6 6 6 6 6 6 0 15 9 9 9 9 9 9 9
5 6 14 2 14 10 10 2 0 15 9 1 13 1 5 5 13
7 14 2 14 10 10 2 6 2 13 1 13 1 5 5 13 9
4 2 14 10 10 2 6 14 1 14 13 1 5 5 13 9 1
7 14 10 10 2 6 14 2 2 13 1 5 5 13 9 1 13
6 10 10 2 6 14 2 14 3 12 5 5 13 9 1 13 1
6 10 2 6 14 2 14 10 3 12 5 13 9 1 13 1 5
4 2 6 14 2 14 10 10 1 14 13 9 1 13 1 5 5
5 8 8 8 8 8 8 8 15 10 2 2 2 2 2 2 2
5 8 0 12 0 4 4 12 15 10 2 10 6 10 14 14 6
7 0 12 0 4 4 12 8 13 8 10 6 10 14 14 6 2
4 12 0 4 4 12 8 0 14 11 6 10 14 14 6 2 10
7 0 4 4 12 8 0 12 13 8 10 14 14 6 2 10 6
6 4 4 12 8 0 12 0 12 9 14 14 6 2 10 6 10
6 4 12 8 0 12 0 4 12 9 14 6 2 10 6 10 14
4 12 8 0 12 0 4 4 14 11 6 2 10 6 10 14 14
5 15 15 15 15 15 15 15 10 0 15 15 15 15 15 15 15
5 15 7 11 7 3 3 11 10 0 15 7 11 7 3 3 11
7 7 11 7 3 3 11 15 8 2 7 11 7 3 3 11 15
4 11 7 3 3 11 15 7 11 1 11 7 3 3 11 15 7
7 7 3 3 11 15 7 11 8 2 7 3 3 11 15 7 11
6 3 3 11 15 7 11 7 9 3 3 3 11 15 7 11 7
6 3 11 15 7 11 7 3 9 3 3 11 15 7 11 7 3
4 11 15 7 11 7 3 3 11 1 11 15 7 11 7 3 3
10 2 2 2 2 2 2 2 10 10 8 8 8 8 8 8 8
10 2 10 6 10 14 14 6 10 10 8 0 12 0 4 4 12
8 10 6 10 14 14 6 2 8 8 0 12 0 4 4 12 8
11 6 10 14 14 6 2 10 11 11 12 0 4 4 12 8 0
8 10 14 14 6 2 10 6 8 8 0 4 4 12 8 0 12
9 14 14 6 2 10 6 10 9 9 4 4 12 8 0 12 0
9 14 6 2 10 6 10 14 9 9 4 12 8 0 12 0 4
11 6 2 10 6 10 14 14 11 11 12 8 0 12 0 4 4
10 5 5 5 5 5 5 5 15 0 5 5 5 5 5 5 5
10 5 13 1 13 9 9 1 15 0 5 13 1 13 9 9 1
8 13 1 13 9 9 1 5 13 2 13 1 13 9 9 1 5
11 1 13 9 9 1 5 13 14 1 1 13 9 9 1 5 13
8 13 9 9 1 5 13 1 13 2 13 9 9 1 5 13 1
9 9 9 1 5 13 1 13 12 3 9 9 1 5 13 1 13
9 9 1 5 13 1 13 9 12 3 9 1 5 13 1 13 9
11 1 5 13 1 13 9 9 14 1 1 5 13 1 13 9 9
10 11 11 11 11 11 11 11 0 5 14 14 14 14 14 14 14
10 11 3 15 3 7 7 15 0 5 14 6 10 6 2 2 10
8 3 15 3 7 7 15 11 2 7 6 10 6 2 2 10 14
11 15 3 7 7 15 11 3 1 4 10 6 2 2 10 14 6
8 3 7 7 15 11 3 15 2 7 6 2 2 10 14 6 10
9 7 7 15 11 3 15 3 3 6 2 2 10 14 6 10 6
9 7 15 11 3 15 3 7 3 6 2 10 14 6 10 6 2
11 15 11 3 15 3 7 7 1 4 10 14 6 10 6 2 2
10 12 12 12 12 12 12 12 5 15 3 3 3 3 3 3 3
10 12 4 8 4 0 0 8 5 15 3 11 7 11 15 15 7
8 4 8 4 0 0 8 12 7 13 11 7 11 15 15 7 3
11 8 4 0 0 8 12 4 4 14 7 11 15 15 7 3 11
8 4 0 0 8 12 4 8 7 13 11 15 15 7 3 11 7
9 0 0 8 12 4 8 4 6 12 15 15 7 3 11 7 11
9 0 8 12 4 8 4 0 6 12 15 7 3 11 7 11 15
11 8 12 4 8 4 0 0 4 14 7 3 11 7 11 15 15
15 3 3 3 3 3 3 3 15 15 12 12 12 12 12 12 12
15 3 11 7 11 15 15 7 15 15 12 4 8 4 0 0 8
13 11 7 11 15 15 7 3 13 13 4 8 4 0 0 8 12
14 7 11 15 15 7 3 11 14 14 8 4 0 0 8 12 4
13 11 15 15 7 3 11 7 13 13 4 0 0 8 12 4 8
12 15 15 7 3 11 7 11 12 12 0 0 8 12 4 8 4
12 15 7 3 11 7 11 15 12 12 0 8 12 4 8 4 0
14 7 3 11 7 11 15 15 14 14 8 12 4 8 4 0 0
15 4 4 4 4 4 4 4 10 5 1 1 1 1 1 1 1
15 4 12 0 12 8 8 0 10 5 1 9 5 9 13 13 5
13 12 0 12 8 8 0 4 8 7 9 5 9 13 13 5 1
14 0 12 8 8 0 4 12 11 4 5 9 13 13 5 1 9
13 12 8 8 0 4 12 0 8 7 9 13 13 5 1 9 5
12 8 8 0 4 12 0 12 9 6 13 13 5 1 9 5 9
12 8 0 4 12 0 12 8 9 6 13 5 1 9 5 9 13
14 0 4 12 0 12 8 8 11 4 5 1 9 5 9 13 13
15 10 10 10 10 10 10 10 5 0 10 10 10 10 10 10 10
15 10 2 14 2 6 6 14 5 0 10 2 14 2 6 6 14
13 2 14 2 6 6 14 10 7 2 2 14 2 6 6 14 10
14 14 2 6 6 14 10 2 4 1 14 2 6 6 14 10 2
13 2 6 6 14 10 2 14 7 2 2 6 6 14 10 2 14
12 6 6 14 10 2 14 2 6 3 6 6 14 10 2 14 2
12 6 14 10 2 14 2 6 6 3 6 14 10 2 14 2 6
14 14 10 2 14 2 6 6 4 1 14 10 2 14 2 6 6
15 13 13 13 13 13 13 13 0 10 7 7 7 7 7 7 7
15 13 5 9 5 1 1 9 0 10 7 15 3 15 11 11 3
13 5 9 5 1 1 9 13 2 8 15 3 15 11 11 3 7
14 9 5 1 1 9 13 5 1 11 3 15 11 11 3 7 15
13 5 1 1 9 13 5 9 2 8 15 11 11 3 7 15 3
12 1 1 9 13 5 9 5 3 9 11 11 3 7 15 3 15
12 1 9 13 5 9 5 1 3 9 11 3 7 15 3 15 11
14 9 13 5 9 5 1 1 1 11 3 7 15 3 15 11 11
