0 0 0 0 0 0 0 0 0
2 8 12 4 2 2 8 12 4
3 12 4 8 3 3 12 4 8
1 4 8 12 1 1 4 8 12
0 7 7 7 5 10 13 13 13
2 15 11 3 7 8 5 1 9
3 11 3 15 6 9 1 9 5
1 3 15 11 4 11 9 5 1
0 9 9 9 10 15 6 6 6
2 1 5 13 8 13 14 10 2
3 5 13 1 9 12 10 2 14
1 13 1 5 11 14 2 14 10
0 14 14 14 15 5 11 11 11
2 6 2 10 13 7 3 7 15
3 2 10 6 12 6 7 15 3
1 10 6 2 14 4 15 3 7
5 1 1 1 5 5 4 4 4
7 9 13 5 7 7 12 8 0
6 13 5 9 6 6 8 0 12
4 5 9 13 4 4 0 12 8
5 6 6 6 0 15 9 9 9
7 14 10 2 2 13 1 5 13
6 10 2 14 3 12 5 13 1
4 2 14 10 1 14 13 1 5
5 8 8 8 15 10 2 2 2
7 0 4 12 13 8 10 14 6
6 4 12 0 12 9 14 6 10
4 12 0 4 14 11 6 10 14
5 15 15 15 10 0 15 15 15
7 7 3 11 8 2 7 3 11
6 3 11 7 9 3 3 11 7
4 11 7 3 11 1 11 7 3
10 2 2 2 10 10 8 8 8
8 10 14 6 8 8 0 4 12
9 14 6 10 9 9 4 12 0
11 6 10 14 11 11 12 0 4
10 5 5 5 15 0 5 5 5
8 13 9 1 13 2 13 9 1
9 9 1 13 12 3 9 1 13
11 1 13 9 14 1 1 13 9
10 11 11 11 0 5 14 14 14
8 3 7 15 2 7 6 2 10
9 7 15 3 3 6 2 10 6
11 15 3 7 1 4 10 6 2
10 12 12 12 5 15 3 3 3
8 4 0 8 7 13 11 15 7
9 0 8 4 6 12 15 7 11
11 8 4 0 4 14 7 11 15
15 3 3 3 15 15 12 12 12
13 11 15 7 13 13 4 0 8
12 15 7 11 12 12 0 8 4
14 7 11 15 14 14 8 4 0
15 4 4 4 10 5 1 1 1
13 12 8 0 8 7 9 13 5
12 8 0 12 9 6 13 5 9
14 0 12 8 11 4 5 9 13
15 10 10 10 5 0 10 10 10
13 2 6 14 7 2 2 6 14
12 6 14 2 6 3 6 14 2
14 14 2 6 4 1 14 2 6
15 13 13 13 0 10 7 7 7
13 5 1 9 2 8 15 11 3
12 1 9 5 3 9 11 3 15
14 9 5 1 1 11 3 15 11
