0 0 0 0 0 0 0 0 0 0 0 0
2 10 15 20 5 2 2 2 10 15 20 5
3 15 20 5 10 3 3 3 15 20 5 10
4 20 5 10 15 4 4 4 20 5 10 15
1 5 10 15 20 1 1 1 5 10 15 20
0 9 9 9 9 6 12 18 21 21 21 21
2 19 4 14 24 8 11 19 1 6 16 11
3 4 14 24 19 5 14 17 6 16 11 1
4 14 24 19 4 7 10 16 16 11 1 6
1 24 19 4 14 9 13 15 11 1 6 16
0 11 11 11 11 12 18 24 7 7 7 7
2 6 21 1 16 11 19 20 17 2 12 22
3 21 1 16 6 14 17 21 2 12 22 17
4 1 16 6 21 10 16 23 12 22 17 2
1 16 6 21 1 13 15 22 22 17 2 12
0 17 17 17 17 18 24 6 13 13 13 13
2 22 12 7 2 19 20 8 8 23 3 18
3 12 7 2 22 17 21 5 23 3 18 8
4 7 2 22 12 16 23 7 3 18 8 23
1 2 22 12 7 15 22 9 18 8 23 3
0 23 23 23 23 24 6 12 19 19 19 19
2 3 8 18 13 20 8 11 24 14 9 4
3 8 18 13 3 21 5 14 14 9 4 24
4 18 13 3 8 23 7 10 9 4 24 14
1 13 3 8 18 22 9 13 4 24 14 9
6 1 1 1 1 6 6 6 5 5 5 5
8 11 16 21 6 8 8 8 15 0 10 20
5 16 21 6 11 5 5 5 0 10 20 15
7 21 6 11 16 7 7 7 10 20 15 0
9 6 11 16 21 9 9 9 20 15 0 10
6 7 7 7 7 24 18 0 11 11 11 11
8 17 2 12 22 20 19 2 6 21 1 16
5 2 12 22 17 21 17 3 21 1 16 6
7 12 22 17 2 23 16 4 1 16 6 21
9 22 17 2 12 22 15 1 16 6 21 1
6 14 14 14 14 18 0 12 22 22 22 22
8 9 24 4 19 19 2 11 2 7 17 12
5 24 4 19 9 17 3 14 7 17 12 2
7 4 19 9 24 16 4 10 17 12 2 7
9 19 9 24 4 15 1 13 12 2 7 17
6 18 18 18 18 0 12 24 18 18 18 18
8 23 13 8 3 2 11 20 23 13 8 3
5 13 8 3 23 3 14 21 13 8 3 23
7 8 3 23 13 4 10 23 8 3 23 13
9 3 23 13 8 1 13 22 3 23 13 8
6 20 20 20 20 12 24 18 4 4 4 4
8 0 5 15 10 11 20 19 14 19 24 9
5 5 15 10 0 14 21 17 19 24 9 14
7 15 10 0 5 10 23 16 24 9 14 19
9 10 0 5 15 13 22 15 9 14 19 24
12 2 2 2 2 12 12 12 10 10 10 10
11 12 17 22 7 11 11 11 5 20 0 15
14 17 22 7 12 14 14 14 20 0 15 5
10 22 7 12 17 10 10 10 0 15 5 20
13 7 12 17 22 13 13 13 15 5 20 0
12 5 5 5 5 18 6 24 1 1 1 1
11 15 0 10 20 19 8 20 11 16 21 6
14 0 10 20 15 17 5 21 16 21 6 11
10 10 20 15 0 16 7 23 21 6 11 16
13 20 15 0 10 15 9 22 6 11 16 21
12 13 13 13 13 6 24 0 17 17 17 17
11 8 23 3 18 8 20 2 22 12 7 2
14 23 3 18 8 5 21 3 12 7 2 22
10 3 18 8 23 7 23 4 7 2 22 12
13 18 8 23 3 9 22 1 2 22 12 7
12 16 16 16 16 24 0 18 8 8 8 8
11 21 11 6 1 20 2 19 18 3 13 23
14 11 6 1 21 21 3 17 3 13 23 18
10 6 1 21 11 23 4 16 13 23 18 3
13 1 21 11 6 22 1 15 23 18 3 13
12 24 24 24 24 0 18 6 24 24 24 24
11 4 9 19 14 2 19 8 4 9 19 14
14 9 19 14 4 3 17 5 9 19 14 4
10 19 14 4 9 4 16 7 19 14 4 9
13 14 4 9 19 1 15 9 14 4 9 19
18 3 3 3 3 18 18 18 15 15 15 15
19 13 18 23 8 19 19 19 20 10 5 0
17 18 23 8 13 17 17 17 10 5 0 20
16 23 8 13 18 16 16 16 5 0 20 10
15 8 13 18 23 15 15 15 0 20 10 5
18 6 6 6 6 0 24 12 6 6 6 6
19 16 1 11 21 2 20 11 16 1 11 21
17 1 11 21 16 3 21 14 1 11 21 16
16 11 21 16 1 4 23 10 11 21 16 1
15 21 16 1 11 1 22 13 21 16 1 11
18 10 10 10 10 24 12 6 2 2 2 2
19 5 20 0 15 20 11 8 12 17 22 7
17 20 0 15 5 21 14 5 17 22 7 12
16 0 15 5 20 23 10 7 22 7 12 17
15 15 5 20 0 22 13 9 7 12 17 22
18 19 19 19 19 12 6 0 23 23 23 23
19 24 14 9 4 11 8 2 3 8 18 13
17 14 9 4 24 14 5 3 8 18 13 3
16 9 4 24 14 10 7 4 18 13 3 8
15 4 24 14 9 13 9 1 13 3 8 18
18 22 22 22 22 6 0 24 14 14 14 14
19 2 7 17 12 8 2 20 9 24 4 19
17 7 17 12 2 5 3 21 24 4 19 9
16 17 12 2 7 7 4 23 4 19 9 24
15 12 2 7 17 9 1 22 19 9 24 4
24 4 4 4 4 24 24 24 20 20 20 20
20 14 19 24 9 20 20 20 0 5 15 10
21 19 24 9 14 21 21 21 5 15 10 0
23 24 9 14 19 23 23 23 15 10 0 5
22 9 14 19 24 22 22 22 10 0 5 15
24 8 8 8 8 12 0 6 16 16 16 16
20 18 3 13 23 11 2 8 21 11 6 1
21 3 13 23 18 14 3 5 11 6 1 21
23 13 23 18 3 10 4 7 6 1 21 11
22 23 18 3 13 13 1 9 1 21 11 6
24 12 12 12 12 0 6 18 12 12 12 12
20 7 22 2 17 2 8 19 7 22 2 17
21 22 2 17 7 3 5 17 22 2 17 7
23 2 17 7 22 4 7 16 2 17 7 22
22 17 7 22 2 1 9 15 17 7 22 2
24 15 15 15 15 6 18 12 3 3 3 3
20 20 10 5 0 8 19 11 13 18 23 8
21 10 5 0 20 5 17 14 18 23 8 13
23 5 0 20 10 7 16 10 23 8 13 18
22 0 20 10 5 9 15 13 8 13 18 23
24 21 21 21 21 18 12 0 9 9 9 9
20 1 6 16 11 19 11 2 19 4 14 24
21 6 16 11 1 17 14 3 4 14 24 19
23 16 11 1 6 16 10 4 14 24 19 4
22 11 1 6 16 15 13 1 24 19 4 14
