0 0 0 0 0 0 0 0 0 0 0 0 0 0 0 0 0 0 0 0 0 0 0 0 0
0 0 0 12 12 12 8 8 8 4 4 4 0 0 0 0 12 12 12 8 8 8 4 4 4
0 0 0 8 8 8 4 4 4 12 12 12 0 0 0 0 8 8 8 4 4 4 12 12 12
2 8 12 4 12 8 12 4 0 8 0 4 2 2 8 12 4 12 8 12 4 0 8 0 4
2 8 12 8 4 12 0 12 4 4 8 0 2 2 8 12 8 4 12 0 12 4 4 8 0
2 8 12 12 8 4 4 0 12 0 4 8 2 2 8 12 12 8 4 4 0 12 0 4 8
3 12 4 8 0 4 12 0 8 12 8 4 3 3 12 4 8 0 4 12 0 8 12 8 4
3 12 4 4 8 0 8 12 0 4 12 8 3 3 12 4 4 8 0 8 12 0 4 12 8
3 12 4 0 4 8 0 8 12 8 4 12 3 3 12 4 0 4 8 0 8 12 8 4 12
1 4 8 12 4 0 12 8 4 12 0 8 1 1 4 8 12 4 0 12 8 4 12 0 8
1 4 8 0 12 4 4 12 8 8 12 0 1 1 4 8 0 12 4 4 12 8 8 12 0
1 4 8 4 0 12 8 4 12 0 8 12 1 1 4 8 4 0 12 8 4 12 0 8 12
0 7 7 7 7 7 7 7 7 7 7 7 5 10 13 13 13 13 13 13 13 13 13 13 13
0 7 7 11 11 11 15 15 15 3 3 3 5 10 13 13 1 1 1 5 5 5 9 9 9
0 7 7 15 15 15 3 3 3 11 11 11 5 10 13 13 5 5 5 9 9 9 1 1 1
2 15 11 3 11 15 11 3 7 15 7 3 7 8 5 1 9 1 5 1 9 13 5 13 9
2 15 11 15 3 11 7 11 3 3 15 7 7 8 5 1 5 9 1 13 1 9 9 5 13
2 15 11 11 15 3 3 7 11 7 3 15 7 8 5 1 1 5 9 9 13 1 13 9 5
3 11 3 15 7 3 11 7 15 11 15 3 6 9 1 9 5 13 9 1 13 5 1 5 9
3 11 3 3 15 7 15 11 7 3 11 15 6 9 1 9 9 5 13 5 1 13 9 1 5
3 11 3 7 3 15 7 15 11 15 3 11 6 9 1 9 13 9 5 13 5 1 5 9 1
1 3 15 11 3 7 11 15 3 11 7 15 4 11 9 5 1 9 13 1 5 9 1 13 5
1 3 15 7 11 3 3 11 15 15 11 7 4 11 9 5 13 1 9 9 1 5 5 1 13
1 3 15 3 7 11 15 3 11 7 15 11 4 11 9 5 9 13 1 5 9 1 13 5 1
0 9 9 9 9 9 9 9 9 9 9 9 10 15 6 6 6 6 6 6 6 6 6 6 6
0 9 9 5 5 5 1 1 1 13 13 13 10 15 6 6 10 10 10 14 14 14 2 2 2
0 9 9 1 1 1 13 13 13 5 5 5 10 15 6 6 14 14 14 2 2 2 10 10 10
2 1 5 13 5 1 5 13 9 1 9 13 8 13 14 10 2 10 14 10 2 6 14 6 2
2 1 5 1 13 5 9 5 13 13 1 9 8 13 14 10 14 2 10 6 10 2 2 14 6
2 1 5 5 1 13 13 9 5 9 13 1 8 13 14 10 10 14 2 2 6 10 6 2 14
3 5 13 1 9 13 5 9 1 5 1 13 9 12 10 2 14 6 2 10 6 14 10 14 2
3 5 13 13 1 9 1 5 9 13 5 1 9 12 10 2 2 14 6 14 10 6 2 10 14
3 5 13 9 13 1 9 1 5 1 13 5 9 12 10 2 6 2 14 6 14 10 14 2 10
1 13 1 5 13 9 5 1 13 5 9 1 11 14 2 14 10 2 6 10 14 2 10 6 14
1 13 1 9 5 13 13 5 1 1 5 9 11 14 2 14 6 10 2 2 10 14 14 10 6
1 13 1 13 9 5 1 13 5 9 1 5 11 14 2 14 2 6 10 14 2 10 6 14 10
0 14 14 14 14 14 14 14 14 14 14 14 15 5 11 11 11 11 11 11 11 11 11 11 11
0 14 14 2 2 2 6 6 6 10 10 10 15 5 11 11 7 7 7 3 3 3 15 15 15
0 14 14 6 6 6 10 10 10 2 2 2 15 5 11 11 3 3 3 15 15 15 7 7 7
2 6 2 10 2 6 2 10 14 6 14 10 13 7 3 7 15 7 3 7 15 11 3 11 15
2 6 2 6 10 2 14 2 10 10 6 14 13 7 3 7 3 15 7 11 7 15 15 3 11
2 6 2 2 6 10 10 14 2 14 10 6 13 7 3 7 7 3 15 15 11 7 11 15 3
3 2 10 6 14 10 2 14 6 2 6 10 12 6 7 15 3 11 15 7 11 3 7 3 15
3 2 10 10 6 14 6 2 14 10 2 6 12 6 7 15 15 3 11 3 7 11 15 7 3
3 2 10 14 10 6 14 6 2 6 10 2 12 6 7 15 11 15 3 11 3 7 3 15 7
1 10 6 2 10 14 2 6 10 2 14 6 14 4 15 3 7 15 11 7 3 15 7 11 3
1 10 6 14 2 10 10 2 6 6 2 14 14 4 15 3 11 7 15 15 7 3 3 7 11
1 10 6 10 14 2 6 10 2 14 6 2 14 4 15 3 15 11 7 3 15 7 11 3 7
5 1 1 1 1 1 1 1 1 1 1 1 5 5 4 4 4 4 4 4 4 4 4 4 4
5 1 1 13 13 13 9 9 9 5 5 5 5 5 4 4 8 8 8 12 12 12 0 0 0
5 1 1 9 9 9 5 5 5 13 13 13 5 5 4 4 12 12 12 0 0 0 8 8 8
7 9 13 5 13 9 13 5 1 9 1 5 7 7 12 8 0 8 12 8 0 4 12 4 0
7 9 13 9 5 13 1 13 5 5 9 1 7 7 12 8 12 0 8 4 8 0 0 12 4
7 9 13 13 9 5 5 1 13 1 5 9 7 7 12 8 8 12 0 0 4 8 4 0 12
6 13 5 9 1 5 13 1 9 13 9 5 6 6 8 0 12 4 0 8 4 12 8 12 0
6 13 5 5 9 1 9 13 1 5 13 9 6 6 8 0 0 12 4 12 8 4 0 8 12
6 13 5 1 5 9 1 9 13 9 5 13 6 6 8 0 4 0 12 4 12 8 12 0 8
4 5 9 13 5 1 13 9 5 13 1 9 4 4 0 12 8 0 4 8 12 0 8 4 12
4 5 9 1 13 5 5 13 9 9 13 1 4 4 0 12 4 8 0 0 8 12 12 8 4
4 5 9 5 1 13 9 5 13 1 9 13 4 4 0 12 0 4 8 12 0 8 4 12 8
5 6 6 6 6 6 6 6 6 6 6 6 0 15 9 9 9 9 9 9 9 9 9 9 9
5 6 6 10 10 10 14 14 14 2 2 2 0 15 9 9 5 5 5 1 1 1 13 13 13
5 6 6 14 14 14 2 2 2 10 10 10 0 15 9 9 1 1 1 13 13 13 5 5 5
7 14 10 2 10 14 10 2 6 14 6 2 2 13 1 5 13 5 1 5 13 9 1 9 13
7 14 10 14 2 10 6 10 2 2 14 6 2 13 1 5 1 13 5 9 5 13 13 1 9
7 14 10 10 14 2 2 6 10 6 2 14 2 13 1 5 5 1 13 13 9 5 9 13 1
6 10 2 14 6 2 10 6 14 10 14 2 3 12 5 13 1 9 13 5 9 1 5 1 13
6 10 2 2 14 6 14 10 6 2 10 14 3 12 5 13 13 1 9 1 5 9 13 5 1
6 10 2 6 2 14 6 14 10 14 2 10 3 12 5 13 9 13 1 9 1 5 1 13 5
4 2 14 10 2 6 10 14 2 10 6 14 1 14 13 1 5 13 9 5 1 13 5 9 1
4 2 14 6 10 2 2 10 14 14 10 6 1 14 13 1 9 5 13 13 5 1 1 5 9
4 2 14 2 6 10 14 2 10 6 14 10 1 14 13 1 13 9 5 1 13 5 9 1 5
5 8 8 8 8 8 8 8 8 8 8 8 15 10 2 2 2 2 2 2 2 2 2 2 2
5 8 8 4 4 4 0 0 0 12 12 12 15 10 2 2 14 14 14 10 10 10 6 6 6
5 8 8 0 0 0 12 12 12 4 4 4 15 10 2 2 10 10 10 6 6 6 14 14 14
7 0 4 12 4 0 4 12 8 0 8 12 13 8 10 14 6 14 10 14 6 2 10 2 6
7 0 4 0 12 4 8 4 12 12 0 8 13 8 10 14 10 6 14 2 14 6 6 10 2
7 0 4 4 0 12 12 8 4 8 12 0 13 8 10 14 14 10 6 6 2 14 2 6 10
6 4 12 0 8 12 4 8 0 4 0 12 12 9 14 6 10 2 6 14 2 10 14 10 6
6 4 12 12 0 8 0 4 8 12 4 0 12 9 14 6 6 10 2 10 14 2 6 14 10
6 4 12 8 12 0 8 0 4 0 12 4 12 9 14 6 2 6 10 2 10 14 10 6 14
4 12 0 4 12 8 4 0 12 4 8 0 14 11 6 10 14 6 2 14 10 6 14 2 10
4 12 0 8 4 12 12 4 0 0 4 8 14 11 6 10 2 14 6 6 14 10 10 14 2
4 12 0 12 8 4 0 12 4 8 0 4 14 11 6 10 6 2 14 10 6 14 2 10 14
5 15 15 15 15 15 15 15 15 15 15 15 10 0 15 15 15 15 15 15 15 15 15 15 15
5 15 15 3 3 3 7 7 7 11 11 11 10 0 15 15 3 3 3 7 7 7 11 11 11
5 15 15 7 7 7 11 11 11 3 3 3 10 0 15 15 7 7 7 11 11 11 3 3 3
7 7 3 11 3 7 3 11 15 7 15 11 8 2 7 3 11 3 7 3 11 15 7 15 11
7 7 3 7 11 3 15 3 11 11 7 15 8 2 7 3 7 11 3 15 3 11 11 7 15
7 7 3 3 7 11 11 15 3 15 11 7 8 2 7 3 3 7 11 11 15 3 15 11 7
6 3 11 7 15 11 3 15 7 3 7 11 9 3 3 11 7 15 11 3 15 7 3 7 11
6 3 11 11 7 15 7 3 15 11 3 7 9 3 3 11 11 7 15 7 3 15 11 3 7
6 3 11 15 11 7 15 7 3 7 11 3 9 3 3 11 15 11 7 15 7 3 7 11 3
4 11 7 3 11 15 3 7 11 3 15 7 11 1 11 7 3 11 15 3 7 11 3 15 7
4 11 7 15 3 11 11 3 7 7 3 15 11 1 11 7 15 3 11 11 3 7 7 3 15
4 11 7 11 15 3 7 11 3 15 7 3 11 1 11 7 11 15 3 7 11 3 15 7 3
10 2 2 2 2 2 2 2 2 2 2 2 10 10 8 8 8 8 8 8 8 8 8 8 8
10 2 2 14 14 14 10 10 10 6 6 6 10 10 8 8 4 4 4 0 0 0 12 12 12
10 2 2 10 10 10 6 6 6 14 14 14 10 10 8 8 0 0 0 12 12 12 4 4 4
8 10 14 6 14 10 14 6 2 10 2 6 8 8 0 4 12 4 0 4 12 8 0 8 12
8 10 14 10 6 14 2 14 6 6 10 2 8 8 0 4 0 12 4 8 4 12 12 0 8
8 10 14 14 10 6 6 2 14 2 6 10 8 8 0 4 4 0 12 12 8 4 8 12 0
9 14 6 10 2 6 14 2 10 14 10 6 9 9 4 12 0 8 12 4 8 0 4 0 12
9 14 6 6 10 2 10 14 2 6 14 10 9 9 4 12 12 0 8 0 4 8 12 4 0
9 14 6 2 6 10 2 10 14 10 6 14 9 9 4 12 8 12 0 8 0 4 0 12 4
11 6 10 14 6 2 14 10 6 14 2 10 11 11 12 0 4 12 8 4 0 12 4 8 0
11 6 10 2 14 6 6 14 10 10 14 2 11 11 12 0 8 4 12 12 4 0 0 4 8
11 6 10 6 2 14 10 6 14 2 10 14 11 11 12 0 12 8 4 0 12 4 8 0 4
10 5 5 5 5 5 5 5 5 5 5 5 15 0 5 5 5 5 5 5 5 5 5 5 5
10 5 5 9 9 9 13 13 13 1 1 1 15 0 5 5 9 9 9 13 13 13 1 1 1
10 5 5 13 13 13 1 1 1 9 9 9 15 0 5 5 13 13 13 1 1 1 9 9 9
8 13 9 1 9 13 9 1 5 13 5 1 13 2 13 9 1 9 13 9 1 5 13 5 1
8 13 9 13 1 9 5 9 1 1 13 5 13 2 13 9 13 1 9 5 9 1 1 13 5
8 13 9 9 13 1 1 5 9 5 1 13 13 2 13 9 9 13 1 1 5 9 5 1 13
9 9 1 13 5 1 9 5 13 9 13 1 12 3 9 1 13 5 1 9 5 13 9 13 1
9 9 1 1 13 5 13 9 5 1 9 13 12 3 9 1 1 13 5 13 9 5 1 9 13
9 9 1 5 1 13 5 13 9 13 1 9 12 3 9 1 5 1 13 5 13 9 13 1 9
11 1 13 9 1 5 9 13 1 9 5 13 14 1 1 13 9 1 5 9 13 1 9 5 13
11 1 13 5 9 1 1 9 13 13 9 5 14 1 1 13 5 9 1 1 9 13 13 9 5
11 1 13 1 5 9 13 1 9 5 13 9 14 1 1 13 1 5 9 13 1 9 5 13 9
10 11 11 11 11 11 11 11 11 11 11 11 0 5 14 14 14 14 14 14 14 14 14 14 14
10 11 11 7 7 7 3 3 3 15 15 15 0 5 14 14 2 2 2 6 6 6 10 10 10
10 11 11 3 3 3 15 15 15 7 7 7 0 5 14 14 6 6 6 10 10 10 2 2 2
8 3 7 15 7 3 7 15 11 3 11 15 2 7 6 2 10 2 6 2 10 14 6 14 10
8 3 7 3 15 7 11 7 15 15 3 11 2 7 6 2 6 10 2 14 2 10 10 6 14
8 3 7 7 3 15 15 11 7 11 15 3 2 7 6 2 2 6 10 10 14 2 14 10 6
9 7 15 3 11 15 7 11 3 7 3 15 3 6 2 10 6 14 10 2 14 6 2 6 10
9 7 15 15 3 11 3 7 11 15 7 3 3 6 2 10 10 6 14 6 2 14 10 2 6
9 7 15 11 15 3 11 3 7 3 15 7 3 6 2 10 14 10 6 14 6 2 6 10 2
11 15 3 7 15 11 7 3 15 7 11 3 1 4 10 6 2 10 14 2 6 10 2 14 6
11 15 3 11 7 15 15 7 3 3 7 11 1 4 10 6 14 2 10 10 2 6 6 2 14
11 15 3 15 11 7 3 15 7 11 3 7 1 4 10 6 10 14 2 6 10 2 14 6 2
10 12 12 12 12 12 12 12 12 12 12 12 5 15 3 3 3 3 3 3 3 3 3 3 3
10 12 12 0 0 0 4 4 4 8 8 8 5 15 3 3 15 15 15 11 11 11 7 7 7
10 12 12 4 4 4 8 8 8 0 0 0 5 15 3 3 11 11 11 7 7 7 15 15 15
8 4 0 8 0 4 0 8 12 4 12 8 7 13 11 15 7 15 11 15 7 3 11 3 7
8 4 0 4 8 0 12 0 8 8 4 12 7 13 11 15 11 7 15 3 15 7 7 11 3
8 4 0 0 4 8 8 12 0 12 8 4 7 13 11 15 15 11 7 7 3 15 3 7 11
9 0 8 4 12 8 0 12 4 0 4 8 6 12 15 7 11 3 7 15 3 11 15 11 7
9 0 8 8 4 12 4 0 12 8 0 4 6 12 15 7 7 11 3 11 15 3 7 15 11
9 0 8 12 8 4 12 4 0 4 8 0 6 12 15 7 3 7 11 3 11 15 11 7 15
11 8 4 0 8 12 0 4 8 0 12 4 4 14 7 11 15 7 3 15 11 7 15 3 11
11 8 4 12 0 8 8 0 4 4 0 12 4 14 7 11 3 15 7 7 15 11 11 15 3
11 8 4 8 12 0 4 8 0 12 4 0 4 14 7 11 7 3 15 11 7 15 3 11 15
15 3 3 3 3 3 3 3 3 3 3 3 15 15 12 12 12 12 12 12 12 12 12 12 12
15 3 3 15 15 15 11 11 11 7 7 7 15 15 12 12 0 0 0 4 4 4 8 8 8
15 3 3 11 11 11 7 7 7 15 15 15 15 15 12 12 4 4 4 8 8 8 0 0 0
13 11 15 7 15 11 15 7 3 11 3 7 13 13 4 0 8 0 4 0 8 12 4 12 8
13 11 15 11 7 15 3 15 7 7 11 3 13 13 4 0 4 8 0 12 0 8 8 4 12
13 11 15 15 11 7 7 3 15 3 7 11 13 13 4 0 0 4 8 8 12 0 12 8 4
12 15 7 11 3 7 15 3 11 15 11 7 12 12 0 8 4 12 8 0 12 4 0 4 8
12 15 7 7 11 3 11 15 3 7 15 11 12 12 0 8 8 4 12 4 0 12 8 0 4
12 15 7 3 7 11 3 11 15 11 7 15 12 12 0 8 12 8 4 12 4 0 4 8 0
14 7 11 15 7 3 15 11 7 15 3 11 14 14 8 4 0 8 12 0 4 8 0 12 4
14 7 11 3 15 7 7 15 11 11 15 3 14 14 8 4 12 0 8 8 0 4 4 0 12
14 7 11 7 3 15 11 7 15 3 11 15 14 14 8 4 8 12 0 4 8 0 12 4 0
15 4 4 4 4 4 4 4 4 4 4 4 10 5 1 1 1 1 1 1 1 1 1 1 1
15 4 4 8 8 8 12 12 12 0 0 0 10 5 1 1 13 13 13 9 9 9 5 5 5
15 4 4 12 12 12 0 0 0 8 8 8 10 5 1 1 9 9 9 5 5 5 13 13 13
13 12 8 0 8 12 8 0 4 12 4 0 8 7 9 13 5 13 9 13 5 1 9 1 5
13 12 8 12 0 8 4 8 0 0 12 4 8 7 9 13 9 5 13 1 13 5 5 9 1
13 12 8 8 12 0 0 4 8 4 0 12 8 7 9 13 13 9 5 5 1 13 1 5 9
12 8 0 12 4 0 8 4 12 8 12 0 9 6 13 5 9 1 5 13 1 9 13 9 5
12 8 0 0 12 4 12 8 4 0 8 12 9 6 13 5 5 9 1 9 13 1 5 13 9
12 8 0 4 0 12 4 12 8 12 0 8 9 6 13 5 1 5 9 1 9 13 9 5 13
14 0 12 8 0 4 8 12 0 8 4 12 11 4 5 9 13 5 1 13 9 5 13 1 9
14 0 12 4 8 0 0 8 12 12 8 4 11 4 5 9 1 13 5 5 13 9 9 13 1
14 0 12 0 4 8 12 0 8 4 12 8 11 4 5 9 5 1 13 9 5 13 1 9 13
15 10 10 10 10 10 10 10 10 10 10 10 5 0 10 10 10 10 10 10 10 10 10 10 10
15 10 10 6 6 6 2 2 2 14 14 14 5 0 10 10 6 6 6 2 2 2 14 14 14
15 10 10 2 2 2 14 14 14 6 6 6 5 0 10 10 2 2 2 14 14 14 6 6 6
13 2 6 14 6 2 6 14 10 2 10 14 7 2 2 6 14 6 2 6 14 10 2 10 14
13 2 6 2 14 6 10 6 14 14 2 10 7 2 2 6 2 14 6 10 6 14 14 2 10
13 2 6 6 2 14 14 10 6 10 14 2 7 2 2 6 6 2 14 14 10 6 10 14 2
12 6 14 2 10 14 6 10 2 6 2 14 6 3 6 14 2 10 14 6 10 2 6 2 14
12 6 14 14 2 10 2 6 10 14 6 2 6 3 6 14 14 2 10 2 6 10 14 6 2
12 6 14 10 14 2 10 2 6 2 14 6 6 3 6 14 10 14 2 10 2 6 2 14 6
14 14 2 6 14 10 6 2 14 6 10 2 4 1 14 2 6 14 10 6 2 14 6 10 2
14 14 2 10 6 14 14 6 2 2 6 10 4 1 14 2 10 6 14 14 6 2 2 6 10
14 14 2 14 10 6 2 14 6 10 2 6 4 1 14 2 14 10 6 2 14 6 10 2 6
15 13 13 13 13 13 13 13 13 13 13 13 0 10 7 7 7 7 7 7 7 7 7 7 7
15 13 13 1 1 1 5 5 5 9 9 9 0 10 7 7 11 11 11 15 15 15 3 3 3
15 13 13 5 5 5 9 9 9 1 1 1 0 10 7 7 15 15 15 3 3 3 11 11 11
13 5 1 9 1 5 1 9 13 5 13 9 2 8 15 11 3 11 15 11 3 7 15 7 3
13 5 1 5 9 1 13 1 9 9 5 13 2 8 15 11 15 3 11 7 11 3 3 15 7
13 5 1 1 5 9 9 13 1 13 9 5 2 8 15 11 11 15 3 3 7 11 7 3 15
12 1 9 5 13 9 1 13 5 1 5 9 3 9 11 3 15 7 3 11 7 15 11 15 3
12 1 9 9 5 13 5 1 13 9 1 5 3 9 11 3 3 15 7 15 11 7 3 11 15
12 1 9 13 9 5 13 5 1 5 9 1 3 9 11 3 7 3 15 7 15 11 15 3 11
14 9 5 1 9 13 1 5 9 1 13 5 1 11 3 15 11 3 7 11 15 3 11 7 15
14 9 5 13 1 9 9 1 5 5 1 13 1 11 3 15 7 11 3 3 11 15 15 11 7
14 9 5 9 13 1 5 9 1 13 5 1 1 11 3 15 3 7 11 15 3 11 7 15 11
