1 1 2 2 1 1 2 2 2 2 0 0 2 2 0 0 0 0 1 1 0 0 1 1 0 
1 1 2 2 1 1 2 2 0 0 2 2 0 0 2 2 1 1 0 0 1 1 0 0 1 
2 2 1 1 2 2 1 1 2 2 0 0 2 2 0 0 1 1 0 0 1 1 0 0 2 
2 2 1 1 2 2 1 1 0 0 2 2 0 0 2 2 0 0 1 1 0 0 1 1 3 
1 1 2 2 2 2 1 1 0 0 1 1 1 1 0 0 2 2 0 0 0 0 2 2 4 
1 1 2 2 2 2 1 1 1 1 0 0 0 0 1 1 0 0 2 2 2 2 0 0 5 
2 2 1 1 1 1 2 2 0 0 1 1 1 1 0 0 0 0 2 2 2 2 0 0 6 
2 2 1 1 1 1 2 2 1 1 0 0 0 0 1 1 2 2 0 0 0 0 2 2 7 
2 0 2 0 0 1 0 1 2 0 2 0 0 1 0 1 2 0 2 0 0 1 0 1 8 
2 0 2 0 0 1 0 1 0 2 0 2 1 0 1 0 0 2 0 2 1 0 1 0 9 
0 2 0 2 1 0 1 0 2 0 2 0 0 1 0 1 0 2 0 2 1 0 1 0 10 
0 2 0 2 1 0 1 0 0 2 0 2 1 0 1 0 2 0 2 0 0 1 0 1 11 
2 0 2 0 1 0 1 0 0 1 1 0 2 0 0 2 0 1 1 0 0 2 2 0 12 
2 0 2 0 1 0 1 0 1 0 0 1 0 2 2 0 1 0 0 1 2 0 0 2 13 
0 2 0 2 0 1 0 1 0 1 1 0 2 0 0 2 1 0 0 1 2 0 0 2 14 
0 2 0 2 0 1 0 1 1 0 0 1 0 2 2 0 0 1 1 0 0 2 2 0 15 
0 1 1 0 2 0 0 2 2 0 2 0 1 0 1 0 0 1 1 0 2 0 0 2 16 
0 1 1 0 2 0 0 2 0 2 0 2 0 1 0 1 1 0 0 1 0 2 2 0 17 
1 0 0 1 0 2 2 0 2 0 2 0 1 0 1 0 1 0 0 1 0 2 2 0 18 
1 0 0 1 0 2 2 0 0 2 0 2 0 1 0 1 0 1 1 0 2 0 0 2 19 
0 1 1 0 0 2 2 0 0 1 1 0 0 2 2 0 2 0 2 0 1 0 1 0 20 
0 1 1 0 0 2 2 0 1 0 0 1 2 0 0 2 0 2 0 2 0 1 0 1 21 
1 0 0 1 2 0 0 2 0 1 1 0 0 2 2 0 0 2 0 2 0 1 0 1 22 
1 0 0 1 2 0 0 2 1 0 0 1 2 0 0 2 2 0 2 0 1 0 1 0 23 
2 2 0 0 2 2 0 0 0 0 1 1 0 0 1 1 1 1 2 2 1 1 2 2 0 
2 2 0 0 2 2 0 0 1 1 0 0 1 1 0 0 2 2 1 1 2 2 1 1 1 
0 0 2 2 0 0 2 2 0 0 1 1 0 0 1 1 2 2 1 1 2 2 1 1 2 
0 0 2 2 0 0 2 2 1 1 0 0 1 1 0 0 1 1 2 2 1 1 2 2 3 
2 2 0 0 0 0 2 2 1 1 2 2 2 2 1 1 0 0 1 1 1 1 0 0 4 
2 2 0 0 0 0 2 2 2 2 1 1 1 1 2 2 1 1 0 0 0 0 1 1 5 
0 0 2 2 2 2 0 0 1 1 2 2 2 2 1 1 1 1 0 0 0 0 1 1 6 
0 0 2 2 2 2 0 0 2 2 1 1 1 1 2 2 0 0 1 1 1 1 0 0 7 
0 1 0 1 1 2 1 2 0 1 0 1 1 2 1 2 0 1 0 1 1 2 1 2 8 
0 1 0 1 1 2 1 2 1 0 1 0 2 1 2 1 1 0 1 0 2 1 2 1 9 
1 0 1 0 2 1 2 1 0 1 0 1 1 2 1 2 1 0 1 0 2 1 2 1 10 
1 0 1 0 2 1 2 1 1 0 1 0 2 1 2 1 0 1 0 1 1 2 1 2 11 
0 1 0 1 2 1 2 1 1 2 2 1 0 1 1 0 1 2 2 1 1 0 0 1 12 
0 1 0 1 2 1 2 1 2 1 1 2 1 0 0 1 2 1 1 2 0 1 1 0 13 
1 0 1 0 1 2 1 2 1 2 2 1 0 1 1 0 2 1 1 2 0 1 1 0 14 
1 0 1 0 1 2 1 2 2 1 1 2 1 0 0 1 1 2 2 1 1 0 0 1 15 
1 2 2 1 0 1 1 0 0 1 0 1 2 1 2 1 1 2 2 1 0 1 1 0 16 
1 2 2 1 0 1 1 0 1 0 1 0 1 2 1 2 2 1 1 2 1 0 0 1 17 
2 1 1 2 1 0 0 1 0 1 0 1 2 1 2 1 2 1 1 2 1 0 0 1 18 
2 1 1 2 1 0 0 1 1 0 1 0 1 2 1 2 1 2 2 1 0 1 1 0 19 
1 2 2 1 1 0 0 1 1 2 2 1 1 0 0 1 0 1 0 1 2 1 2 1 20 
1 2 2 1 1 0 0 1 2 1 1 2 0 1 1 0 1 0 1 0 1 2 1 2 21 
2 1 1 2 0 1 1 0 1 2 2 1 1 0 0 1 1 0 1 0 1 2 1 2 22 
2 1 1 2 0 1 1 0 2 1 1 2 0 1 1 0 0 1 0 1 2 1 2 1 23 
0 0 1 1 0 0 1 1 1 1 2 2 1 1 2 2 2 2 0 0 2 2 0 0 0 
0 0 1 1 0 0 1 1 2 2 1 1 2 2 1 1 0 0 2 2 0 0 2 2 1 
1 1 0 0 1 1 0 0 1 1 2 2 1 1 2 2 0 0 2 2 0 0 2 2 2 
1 1 0 0 1 1 0 0 2 2 1 1 2 2 1 1 2 2 0 0 2 2 0 0 3 
0 0 1 1 1 1 0 0 2 2 0 0 0 0 2 2 1 1 2 2 2 2 1 1 4 
0 0 1 1 1 1 0 0 0 0 2 2 2 2 0 0 2 2 1 1 1 1 2 2 5 
1 1 0 0 0 0 1 1 2 2 0 0 0 0 2 2 2 2 1 1 1 1 2 2 6 
1 1 0 0 0 0 1 1 0 0 2 2 2 2 0 0 1 1 2 2 2 2 1 1 7 
1 2 1 2 2 0 2 0 1 2 1 2 2 0 2 0 1 2 1 2 2 0 2 0 8 
1 2 1 2 2 0 2 0 2 1 2 1 0 2 0 2 2 1 2 1 0 2 0 2 9 
2 1 2 1 0 2 0 2 1 2 1 2 2 0 2 0 2 1 2 1 0 2 0 2 10 
2 1 2 1 0 2 0 2 2 1 2 1 0 2 0 2 1 2 1 2 2 0 2 0 11 
1 2 1 2 0 2 0 2 2 0 0 2 1 2 2 1 2 0 0 2 2 1 1 2 12 
1 2 1 2 0 2 0 2 0 2 2 0 2 1 1 2 0 2 2 0 1 2 2 1 13 
2 1 2 1 2 0 2 0 2 0 0 2 1 2 2 1 0 2 2 0 1 2 2 1 14 
2 1 2 1 2 0 2 0 0 2 2 0 2 1 1 2 2 0 0 2 2 1 1 2 15 
2 0 0 2 1 2 2 1 1 2 1 2 0 2 0 2 2 0 0 2 1 2 2 1 16 
2 0 0 2 1 2 2 1 2 1 2 1 2 0 2 0 0 2 2 0 2 1 1 2 17 
0 2 2 0 2 1 1 2 1 2 1 2 0 2 0 2 0 2 2 0 2 1 1 2 18 
0 2 2 0 2 1 1 2 2 1 2 1 2 0 2 0 2 0 0 2 1 2 2 1 19 
2 0 0 2 2 1 1 2 2 0 0 2 2 1 1 2 1 2 1 2 0 2 0 2 20 
2 0 0 2 2 1 1 2 0 2 2 0 1 2 2 1 2 1 2 1 2 0 2 0 21 
0 2 2 0 1 2 2 1 2 0 0 2 2 1 1 2 2 1 2 1 2 0 2 0 22 
0 2 2 0 1 2 2 1 0 2 2 0 1 2 2 1 1 2 1 2 0 2 0 2 23 
